3.003960076233148e-02	1.789762672725223e-03	4.420439279187929e-04
3.079588243584661e-02	2.811210227877686e-03	5.064792597686558e-04
3.157120437471745e-02	2.142664145297194e-03	3.726017563495976e-04
3.236604593963398e-02	1.491398862076035e-03	2.678390589240081e-04
3.318089855974563e-02	2.030352893036287e-03	2.888569578730371e-04
3.401626603649874e-02	1.060138023494663e-03	2.011967555358875e-04
3.487266485512346e-02	1.711660225439144e-03	2.153286298780390e-04
3.575062450396261e-02	1.016184900699344e-03	1.568093831661416e-04
3.665068780184011e-02	1.180181572049524e-03	1.577259597661338e-04
3.757341123367126e-02	1.136435972836016e-03	1.446764462158159e-04
3.851936529452234e-02	1.075234230392748e-03	1.309078406259956e-04
3.948913484233242e-02	1.339802794320663e-03	1.347371604370763e-04
4.048331945951525e-02	9.670018111481815e-04	1.093484203554929e-04
4.150253382366492e-02	8.338521854982790e-04	9.645578404192871e-05
4.254740808759449e-02	1.140087340565210e-03	1.041959423919976e-04
4.361858826894252e-02	8.272623415486585e-04	8.773424254763079e-05
4.471673664958840e-02	8.980247076098069e-04	8.381606868624509e-05
4.584253218512337e-02	9.230077295937406e-04	8.086636500336530e-05
4.699667092463054e-02	7.333886749668491e-04	6.994662697241365e-05
4.817986644103329e-02	7.648992892311928e-04	6.740516296192513e-05
4.939285027227818e-02	7.640611318919509e-04	6.348062352790591e-05
5.063637237362521e-02	5.250326837547583e-04	5.226994659528096e-05
5.191120158132497e-02	6.225431184698696e-04	5.541611616248612e-05
5.321812608796939e-02	6.244526450696709e-04	5.141695317442509e-05
5.455795392981000e-02	5.988074606391254e-04	4.937935999304832e-05
5.593151348634504e-02	5.085748189742005e-04	4.450638547074199e-05
5.733965399248415e-02	4.539413407645135e-04	3.988803819622997e-05
5.878324606360755e-02	5.005418803559838e-04	4.013127322837393e-05
6.026318223384398e-02	4.106301176734637e-04	3.524641798434061e-05
6.178037750790065e-02	3.930585452224700e-04	3.262373661092252e-05
6.333576992678594e-02	3.103846301751670e-04	2.856786576293370e-05
6.493032114777497e-02	3.209332137109304e-04	2.745947857906557e-05
6.656501703897635e-02	2.585490728145236e-04	2.409558120432326e-05
6.824086828886802e-02	2.418689047751306e-04	2.186422776508910e-05
6.995891103117857e-02	2.320932776822688e-04	2.109827516039022e-05
7.172020748550098e-02	2.384250602279155e-04	2.010425369636035e-05
7.352584661403433e-02	1.792768771738339e-04	1.692348786927309e-05
7.537694479485990e-02	1.885653060801265e-04	1.644211605057542e-05
7.727464651216759e-02	1.744736851396810e-04	1.526432941836266e-05
7.922012506385975e-02	1.297122968120330e-04	1.280211363998412e-05
8.121458328696973e-02	1.100962055043995e-04	1.125788992640857e-05
8.325925430134362e-02	9.839446304954115e-05	1.011427447572936e-05
8.535540227204502e-02	9.195046827601941e-05	9.544975004846442e-06
8.750432319095434e-02	7.861336122695422e-05	8.566462555683018e-06
8.970734567804571e-02	7.247163238693286e-05	7.836787352621138e-06
9.196583180283688e-02	6.914727832212894e-05	7.405757277791620e-06
9.428117792652024e-02	5.648517598217985e-05	6.702981663141588e-06
9.665481556529529e-02	4.533380073092854e-05	5.926981847701127e-06
9.908821227543663e-02	3.608747580228561e-05	5.113895103010371e-06
1.015828725606445e-01	3.547263048311116e-05	5.251702384667644e-06
1.041403388022390e-01	2.364038661241072e-05	5.468444507365733e-06
1.067621922127726e-01	2.065603462771116e-05	6.824380270443903e-06
1.094500538136521e-01	1.751062939218536e-05	3.600542571439533e-06
1.122055854373714e-01	1.301506889227797e-05	3.371172858849256e-06
1.150304907549790e-01	8.592704666427943e-06	2.929119455104932e-06
1.179265163294111e-01	9.047953840918383e-06	2.846544999405784e-06
1.208954526953448e-01	9.268115296658629e-06	3.153893429336985e-06
1.239391354662375e-01	1.418596835288998e-06	2.561111601805331e-06
1.270594464692373e-01	-5.775733630795925e-07	1.982897482905503e-06
1.302583149086660e-01	-8.805981934184921e-08	2.123277922129629e-06
1.335377185587942e-01	-1.080730050577844e-06	2.058965139013483e-06
1.368996849866463e-01	-1.655643173880986e-06	1.810384884324496e-06
1.403462928055898e-01	-5.946513081277700e-07	1.954177184298151e-06
1.438796729604869e-01	2.038141388679306e-06	1.934762746119991e-06
1.475020100451999e-01	-1.694376832057272e-06	1.563752717847867e-06
1.512155436532668e-01	-1.429429511190242e-06	1.739643005809949e-06
1.550225697625817e-01	-1.094070727149092e-06	1.786486324727084e-06
1.589254421549363e-01	-1.730309626955405e-06	1.538407292336553e-06
1.629265738712999e-01	-1.564538477240471e-06	1.418801661682943e-06
1.670284387037375e-01	1.773733372484556e-06	1.890693584664482e-06
1.712335727248888e-01	3.651104383927060e-07	1.666214540278852e-06
1.755445758559537e-01	-3.224909074211063e-07	1.651726480245913e-06
1.799641134741540e-01	3.255511055721284e-06	1.871787147436967e-06
1.844949180606640e-01	-5.226985602042933e-07	1.663461279026824e-06
1.891397908900299e-01	3.768139180012731e-06	1.951260739528227e-06
1.939016037621231e-01	1.208681805488673e-06	1.708746568648543e-06
1.987833007776963e-01	2.926755425240374e-06	1.858790400277395e-06
2.037879001586419e-01	-3.701192874295110e-06	1.427758415147327e-06
2.089184961140773e-01	-1.225693741266443e-06	1.686412317497239e-06
2.141782607534111e-01	2.707157681296990e-06	2.162947445016662e-06
2.195704460475733e-01	-3.452964453618331e-06	1.425341690332187e-06
2.250983858396211e-01	9.574986289513222e-07	1.902544339224157e-06
2.307654979059643e-01	8.194013315872641e-07	2.332977026034196e-06
2.365752860694847e-01	1.502515769419362e-06	2.210065771822757e-06
2.425313423658555e-01	-1.163100918895409e-06	2.169049274629737e-06
2.486373492644000e-01	3.012135558927421e-06	2.557747559772767e-06
2.548970819448635e-01	-1.161093148422932e-07	2.303780605520754e-06
2.613144106315055e-01	1.032083949895754e-06	2.635100231305369e-06
2.678933029859549e-01	-3.157218910567463e-06	1.628643651478896e-06
2.746378265603083e-01	4.283210117535471e-06	2.956715496155540e-06
2.815521513119887e-01	-4.521156224069783e-06	1.658529729118711e-06
2.886405521819172e-01	9.806530912326460e-07	2.582064579452005e-06
2.959074117375942e-01	-2.776639213444763e-06	1.899107327893954e-06
3.033572228827229e-01	4.061020518609748e-07	3.133209066267792e-06
3.109945916350512e-01	-1.066935935373244e-06	2.480331940387699e-06
3.188242399741476e-01	-9.124327298971471e-07	2.713839384238571e-06
3.268510087608750e-01	-3.772460367877140e-06	1.648069050206688e-06
3.335170083185374e-01	-8.158075191107981e-06	5.661999988283360e-07
