3.003969677978231e-02	1.707882418468949e-03	2.980853579706744e-04
3.079617532352126e-02	1.018759681403212e-03	1.564023564494435e-04
3.157170398588600e-02	8.708553966055515e-04	1.305573383019257e-04
3.236676249894910e-02	4.002381753198074e-04	7.875958107793511e-05
3.318184267569804e-02	2.563626376866923e-04	5.763324887603929e-05
3.401744871426435e-02	3.653915982867161e-04	6.082403657169118e-05
3.487409750981413e-02	3.613800259264917e-04	5.360193516921888e-05
3.575231897429276e-02	2.544770476809273e-04	4.122628785744269e-05
3.665265636422161e-02	3.782108889701292e-04	4.672370768549790e-05
3.757566661674958e-02	2.843227495766336e-04	3.866334219981805e-05
3.852192069416723e-02	4.491949575198110e-04	4.466949240145188e-05
3.949200393709676e-02	3.551613974094442e-04	3.719312310657425e-05
4.048651642657616e-02	4.248086938317766e-04	3.812505235705038e-05
4.150607335526169e-02	2.880740136847449e-04	2.995693348525465e-05
4.255130540797809e-02	2.881585941984037e-04	2.877046411468906e-05
4.362285915185220e-02	2.296308436679834e-04	2.425867091174140e-05
4.472139743627097e-02	1.523959068632712e-04	1.925514029813811e-05
4.584759980291171e-02	1.436074170284965e-04	1.735548881711479e-05
4.700216290609774e-02	9.695270536586907e-05	1.394361223057540e-05
4.818580094373986e-02	8.154232550871536e-05	1.215382139866592e-05
4.939924609912999e-02	5.174525518669479e-05	9.556641746427329e-06
5.064324899386036e-02	6.694257808182443e-05	1.021108761299387e-05
5.191857915214840e-02	6.685398025864942e-05	1.007578717418383e-05
5.322602547685452e-02	5.577233229070399e-05	8.645524344167989e-06
5.456639673748730e-02	6.774301426807552e-05	9.139634929217164e-06
5.594052207049791e-02	6.974698387757855e-05	8.796866992361133e-06
5.734925149217329e-02	5.572111473615117e-05	7.512581691605643e-06
5.879345642444533e-02	3.964567011843410e-05	6.286352579644820e-06
6.027403023394123e-02	4.159757275920855e-05	6.251124058801788e-06
6.179188878460866e-02	3.264797304180528e-05	5.292181764735482e-06
6.334797100425743e-02	1.594807974411237e-05	3.919602214302304e-06
6.494323946536822e-02	2.373295617084219e-05	4.394490915011430e-06
6.657868098052747e-02	1.720575161222038e-05	3.736179684924341e-06
6.825530721285705e-02	1.780133966550995e-05	3.329192623949384e-06
6.997415530181605e-02	1.571536698948905e-05	3.202722274177434e-06
7.173628850476194e-02	1.469434614484466e-05	2.910698665858396e-06
7.354279685466789e-02	1.338212420496729e-05	2.763852419840899e-06
7.539479783440320e-02	1.560633851367915e-05	2.713381626531362e-06
7.729343706799387e-02	5.167963310461435e-06	1.885440259623443e-06
7.923988902929086e-02	4.823535723285605e-06	1.787458303746963e-06
8.123535776848458e-02	8.087033459700929e-06	1.939571598025142e-06
8.328107765691486e-02	7.674465189637948e-06	1.691371804952088e-06
8.537831415063721e-02	5.330389338440846e-06	1.462198445295446e-06
8.752836457321769e-02	6.142206076793988e-06	1.514482801947668e-06
8.973255891824061e-02	6.062704616486595e-06	1.355801701517086e-06
9.199226067202550e-02	4.630214434250340e-06	1.264618393178649e-06
9.430886765706217e-02	3.230025997728906e-06	1.040193766133901e-06
9.668381289668590e-02	2.824343708314479e-06	9.759506901793240e-07
9.911856550152706e-02	2.614483508770026e-06	9.337100776803521e-07
1.016146315782843e-01	2.048878652669553e-06	8.839860661166259e-07
1.041735551613827e-01	1.412762439505699e-06	8.862694017521074e-07
1.067969191680937e-01	1.775511449983449e-06	8.774671439502038e-07
1.094863463777072e-01	1.860318172054143e-06	7.727647850928464e-07
1.122435004353623e-01	2.548312331929493e-06	7.966842054330168e-07
1.150700868811567e-01	1.041886671742713e-06	7.431365863136726e-07
1.179678542051717e-01	1.792741090353905e-06	8.318482556924139e-07
1.209385949290660e-01	2.225508007245636e-06	8.070888751214231e-07
1.239841467149066e-01	1.399705171421758e-06	6.964237615060650e-07
1.271063935019225e-01	1.706488322762188e-06	7.856268702015920e-07
1.303072666718861e-01	1.461431799631157e-06	7.506006139694531e-07
1.335887462438402e-01	9.479078220307447e-07	6.957981621120179e-07
1.369528620989132e-01	1.816465955207951e-06	7.604660425041657e-07
1.404016952359772e-01	1.718665094847488e-06	6.741496557487858e-07
1.439373790589269e-01	2.946173456765709e-06	7.529127969867581e-07
1.475621006963764e-01	1.263197292907203e-06	6.293499999218007e-07
1.512781023545883e-01	1.930029168096329e-06	6.332025540556329e-07
1.550876827044743e-01	1.232373547096704e-06	6.193895492482981e-07
1.589931983035228e-01	-1.259319411312842e-07	5.158729450765924e-07
1.629970650535360e-01	-1.282429848467701e-07	4.882274841345881e-07
1.671017596950748e-01	9.193351634107922e-07	5.500524039334735e-07
1.713098213395393e-01	-2.892149633292692e-07	5.085957820063714e-07
1.756238530398304e-01	2.727452538163495e-07	5.130665349413966e-07
1.800465234005649e-01	1.591841889659665e-06	5.752306998266149e-07
1.845805682288399e-01	8.652730467316985e-07	5.394316050086014e-07
1.892287922265680e-01	4.269801246300490e-07	5.074264452824671e-07
1.939940707254302e-01	-1.829248203779846e-08	4.684745822580587e-07
1.988793514655185e-01	-3.150319624784216e-07	4.629167822064599e-07
2.038876564187709e-01	6.758968876367860e-07	5.200085228403749e-07
2.090220836583236e-01	-7.452335251932277e-07	4.410944994458162e-07
2.142858092749400e-01	-3.112405386229130e-09	5.160820349125641e-07
2.196820893416992e-01	-1.415682197054156e-07	5.143617036491558e-07
2.252142619281610e-01	7.292783127448276e-07	6.754044848527749e-07
2.308857491652533e-01	1.069334608772892e-06	7.319768335489865e-07
2.367000593621578e-01	8.639784873135636e-07	7.638390296013598e-07
2.426607891765053e-01	2.500831384911303e-06	9.381679266893913e-07
2.487716258392220e-01	1.478442851258997e-06	8.608837989467496e-07
2.550363494354031e-01	5.049555732419082e-08	6.789722100154648e-07
2.614588352426246e-01	-5.688572236669674e-07	6.522568154670430e-07
2.680430561281411e-01	5.885386028163659e-07	6.751930219356472e-07
2.747930850064493e-01	6.298779911702102e-08	8.055274973354339e-07
2.817130973587417e-01	-4.175895049552704e-08	6.274880071960488e-07
2.888073738158050e-01	2.548322123401635e-07	9.041033309368128e-07
2.960803028059636e-01	8.352601175540408e-07	1.013469177139761e-06
3.035363832697048e-01	3.493853566206672e-07	9.016745673050688e-07
3.111802274426657e-01	-8.842934121616199e-07	6.288086557141435e-07
3.190165637087034e-01	1.077324810969714e-06	1.013338562493730e-06
3.270502395248117e-01	-6.951246266698968e-07	6.656612710946274e-07
3.336183782639954e-01	2.187177148988498e-07	1.193571531635536e-06
