6.537204885651922e-03	7.731998320811679e-01	2.041652520745336e-01
6.712498828574428e-03	9.643314756199587e-01	1.317560093659374e-01
6.892493246235420e-03	6.879687752610177e-01	9.124771943486128e-02
7.077314180997794e-03	6.414115182594459e-01	7.539677714330111e-02
7.267091055027153e-03	7.847401940443366e-01	7.785299545486205e-02
7.461956760920589e-03	7.869816951058900e-01	6.932851379678306e-02
7.662047754765672e-03	6.195957532086893e-01	5.561887720506666e-02
7.867504151694779e-03	7.144217229833273e-01	5.581320863100386e-02
8.078469824001719e-03	7.815587628268247e-01	5.398686678093693e-02
8.295092501889307e-03	7.648212750934797e-01	4.973104869432816e-02
8.517523876918495e-03	7.002608560764498e-01	4.418135651500546e-02
8.745919708231457e-03	8.021696468544538e-01	4.481297960582881e-02
8.980439931623025e-03	7.977028822097538e-01	4.212712962297070e-02
9.221248771536864e-03	7.842220517061921e-01	3.959552607848662e-02
9.468514856064794e-03	7.948802356531552e-01	3.778585791277275e-02
9.722411335029810e-03	8.086401719969268e-01	3.559779099961398e-02
9.983116001235462e-03	8.363810951427441e-01	3.478600392047052e-02
1.025081141496652e-02	7.393988231562878e-01	3.093104254617792e-02
1.052568503182813e-02	6.728878396653953e-01	2.794553127903934e-02
1.080792933401288e-02	6.496234755810044e-01	2.610653494332335e-02
1.109774196508785e-02	5.863523054668872e-01	2.627404581927868e-02
1.139532586839591e-02	6.213709378741271e-01	2.654972060207033e-02
1.170088942916822e-02	5.512614683620806e-01	2.347989679833899e-02
1.201464662044748e-02	4.286336744670872e-01	1.913033621423378e-02
1.233681715292403e-02	4.181509482027944e-01	1.827844543172563e-02
1.266762662878986e-02	4.103369377498959e-01	1.726834795573452e-02
1.300730669971810e-02	3.402728389082240e-01	1.497714841935294e-02
1.335609522907877e-02	3.247625275658225e-01	1.415624326114817e-02
1.371423645850426e-02	2.712133915800570e-01	1.201086547756308e-02
1.408198117892127e-02	2.313512523039767e-01	1.069061904245051e-02
1.445958690616894e-02	1.907534107720730e-01	9.220111012796160e-03
1.484731806132612e-02	1.503149006201130e-01	7.807456170084321e-03
1.524544615587411e-02	1.240668521126985e-01	6.776376019523304e-03
1.565424998182448e-02	1.010355432712820e-01	5.750680010700461e-03
1.607401580694515e-02	7.413264027605074e-02	4.671482109260430e-03
1.650503757522144e-02	5.589245060091225e-02	3.882213056696649e-03
1.694761711269239e-02	4.107975965369004e-02	3.190633943695845e-03
1.740206433880660e-02	2.652651045193184e-02	2.433199895039271e-03
1.786869748344550e-02	1.916359363384854e-02	1.951469639435814e-03
1.834784330976608e-02	1.244444938636399e-02	1.519878678488670e-03
1.883983734301910e-02	8.739665378347552e-03	1.228102267660245e-03
1.934502410550301e-02	3.829973351497077e-03	7.878767162182981e-04
1.986375735781813e-02	3.282245863028777e-03	7.019705570119168e-04
2.039640034659003e-02	2.129800652164621e-03	5.425307269476912e-04
2.094332605883550e-02	2.942280704381251e-03	6.139490060038414e-04
2.150491748314938e-02	3.301899037718971e-03	6.283011753710127e-04
2.208156787789503e-02	2.235450711301740e-03	5.019821684051403e-04
2.267368104658626e-02	3.394415122839548e-03	5.903512208380309e-04
2.328167162065361e-02	3.157022476654471e-03	5.578872365023890e-04
2.390596534979293e-02	2.719779407007811e-03	5.179704350269932e-04
2.454699940009960e-02	4.143067375345473e-03	6.236389583252329e-04
2.520522266019721e-02	2.897268100933686e-03	5.110573216917826e-04
2.588109605557497e-02	3.392478237711876e-03	5.588334826799412e-04
2.657509287135405e-02	3.024746797315950e-03	5.162018211455091e-04
2.728769908370881e-02	2.077683333829174e-03	4.482337192676064e-04
2.801941370017507e-02	2.151863492603363e-03	4.363635618106714e-04
2.877074910908366e-02	2.058987183371021e-03	4.220044929107505e-04
2.954223143836399e-02	8.546265619467045e-04	2.710895141832133e-04
3.033440092396878e-02	1.305059627852166e-03	3.160936805749746e-04
3.114781228817820e-02	5.696176876228604e-04	2.216001981992137e-04
3.198303512804798e-02	7.672170417557537e-04	2.338332829362647e-04
3.284065431427385e-02	3.480686366236711e-04	1.697330991879663e-04
3.372127040075130e-02	2.871908125427800e-04	1.561942714099922e-04
3.462550004511775e-02	2.143205030837970e-04	1.329420005633920e-04
3.555397644057140e-02	2.403807125723518e-04	1.286418050430274e-04
3.650734975926923e-02	3.340741656106066e-04	1.634987869303419e-04
3.748628760761466e-02	1.461502269484234e-04	1.405542465890970e-04
3.849147549375363e-02	1.304831220927110e-04	1.113811897919412e-04
3.952361730760658e-02	1.107716186892807e-04	1.111471021595377e-04
4.058343581377225e-02	2.062395032765801e-04	1.433159677867606e-04
4.167167315764878e-02	2.693217101998977e-04	1.578481373544184e-04
4.278909138512625e-02	2.828080704263620e-04	1.499435907111042e-04
4.393647297621465e-02	1.183659508810936e-04	1.198862164377261e-04
4.511462139298111e-02	2.391628374699266e-04	1.498339765139977e-04
4.632436164217985e-02	1.352675104460738e-04	1.418351658804935e-04
4.756654085296895e-02	8.708085178774871e-05	1.320223689470093e-04
4.884202887011864e-02	-4.224169232035334e-05	7.578027510632102e-06
5.015171886312612e-02	-1.043628179413607e-04	1.236138673339575e-05
5.149652795166391e-02	-1.002612143600515e-04	1.283317278917705e-05
5.287739784779935e-02	4.348100432500333e-04	2.513875239566638e-04
5.429529551543508e-02	1.052749096438142e-04	1.484525167495189e-04
5.575121384743242e-02	1.206188776595400e-04	1.633208153562938e-04
5.724617236089159e-02	1.309285905412501e-04	1.797208554691338e-04
5.878121791107575e-02	1.504668556328394e-04	2.167892007824799e-04
6.035742542447876e-02	-1.679844305091135e-04	2.206781420532004e-05
6.197589865155017e-02	0.000000000000000e+00	0.000000000000000e+00
6.363777093960413e-02	-1.339355931840918e-04	2.125497228836694e-05
6.534420602645394e-02	2.783651634490471e-04	2.785597073666472e-04
6.709639885532770e-02	-1.549689370599500e-04	2.428948896044765e-05
6.889557641163563e-02	0.000000000000000e+00	0.000000000000000e+00
7.074299858217542e-02	0.000000000000000e+00	0.000000000000000e+00
7.236617957055433e-02	-1.314341250857793e-04	2.916408482945605e-05
