6.532015638109654e-03	6.661143533970745e-01	5.084556044773340e-02
6.696661137445381e-03	7.040392266480844e-01	3.636764939670244e-02
6.865456678966150e-03	6.082968339139133e-01	2.922337533973369e-02
7.038506868325970e-03	5.818949846047361e-01	2.432714558802404e-02
7.215918947861170e-03	6.647848882832196e-01	2.424466198689549e-02
7.397802863050412e-03	6.864331256927226e-01	2.262675069166060e-02
7.584271330649902e-03	6.806285172035587e-01	2.058203978104208e-02
7.775439908545999e-03	7.056614354242957e-01	1.954473953857895e-02
7.971427067368538e-03	7.243001098188800e-01	1.836558774085706e-02
8.172354263909214e-03	7.386001321523918e-01	1.736227179356580e-02
8.378346016390564e-03	7.267676345056456e-01	1.616354150979056e-02
8.589529981632163e-03	7.471353288534822e-01	1.532201202482863e-02
8.806037034161862e-03	7.582186393181315e-01	1.470258562183561e-02
9.028001347321110e-03	7.562844975009169e-01	1.384220417229944e-02
9.255560476414602e-03	7.647861155751078e-01	1.308477242141357e-02
9.488855443955786e-03	7.582168279792841e-01	1.241522577961377e-02
9.728030827061078e-03	7.310963684088175e-01	1.141879439768847e-02
9.973234847046913e-03	7.049760770503057e-01	1.070876253764730e-02
1.022461946128518e-02	5.932144906575714e-01	9.145403237822248e-03
1.048234045737396e-02	4.845926304662918e-01	7.726113914559348e-03
1.074655754968191e-02	3.870016925793844e-01	6.409652180994561e-03
1.101743447832619e-02	3.075097346401424e-01	7.188414905378825e-03
1.129513911064510e-02	2.504150172225964e-01	6.864890186300643e-03
1.157984354522862e-02	1.925889028588147e-01	5.222316603655388e-03
1.187172421857090e-02	1.498166641011502e-01	4.203410071070983e-03
1.217096201441125e-02	1.160780633079243e-01	3.384902522671237e-03
1.247774237583103e-02	1.009765381850130e-01	2.961836577744615e-03
1.279225542017607e-02	8.070014877728188e-02	2.462784065514132e-03
1.311469605687586e-02	6.837074478753827e-02	2.138228263020276e-03
1.344526410823244e-02	5.377464088487738e-02	1.757913224416732e-03
1.378416443325390e-02	4.420204284760471e-02	1.502279226826271e-03
1.413160705460924e-02	3.921341343122432e-02	1.357848892884889e-03
1.448780728878317e-02	3.389478684910518e-02	1.196843002442324e-03
1.485298587951168e-02	2.836001380326067e-02	1.034450270588712e-03
1.522736913458092e-02	2.709761790440423e-02	9.797838475471038e-04
1.561118906607424e-02	2.146846146203744e-02	8.107057341587450e-04
1.600468353415425e-02	1.959544638643195e-02	7.421661610896331e-04
1.640809639446909e-02	1.696998544409833e-02	6.605765155397604e-04
1.682167764927422e-02	1.550698715312470e-02	6.024288962982298e-04
1.724568360236329e-02	1.386975271278285e-02	5.455361314781462e-04
1.768037701790429e-02	1.226604544016920e-02	4.838419979586249e-04
1.812602728327922e-02	1.073200623654859e-02	4.348570242708022e-04
1.858291057602837e-02	9.678678478649600e-03	3.947358986422177e-04
1.905131003500254e-02	8.339699600513072e-03	3.515620038328205e-04
1.953151593582927e-02	7.716738915879717e-03	3.243915399712825e-04
2.002382587080196e-02	6.557111327927759e-03	2.888773850194979e-04
2.052854493330315e-02	5.945868779437760e-03	2.658945473455494e-04
2.104598590687647e-02	5.684572935553602e-03	2.498006208905593e-04
2.157646945906422e-02	5.275976150141891e-03	2.329005992029826e-04
2.212032434013088e-02	4.445722976867461e-03	2.069829185490025e-04
2.267788758679559e-02	4.295817539141129e-03	1.968045119195275e-04
2.324950473109992e-02	4.076924757811190e-03	1.904926034050846e-04
2.383553001454031e-02	3.604619215235013e-03	1.757800439195358e-04
2.443632660759799e-02	3.265214006174388e-03	1.648461524639070e-04
2.505226683480222e-02	2.991564685988872e-03	1.558840361571121e-04
2.568373240546665e-02	2.723620464022526e-03	1.485672996996260e-04
2.633111465024141e-02	2.462458070072252e-03	1.402822549854525e-04
2.699481476362784e-02	2.456525524406262e-03	1.409670736095605e-04
2.767524405260597e-02	2.049525897632749e-03	1.271825639380753e-04
2.837282419152892e-02	1.917552543921555e-03	1.214123961478349e-04
2.908798748344213e-02	1.875933589754112e-03	1.180601396239203e-04
2.982117712798938e-02	1.896773104667287e-03	1.157089282855115e-04
3.057284749607164e-02	1.713697045510015e-03	1.080852825481419e-04
3.134346441142895e-02	1.401585458474325e-03	9.740647193746981e-05
3.213350543931981e-02	1.282481090958925e-03	9.090153396116814e-05
3.294346018247704e-02	1.285681079744992e-03	8.980918355997025e-05
3.377383058452346e-02	1.140819001930171e-03	8.501284099694430e-05
3.462513124103542e-02	1.047167012860110e-03	8.039518340264244e-05
3.549788971844701e-02	9.862262330000463e-04	7.789994435158713e-05
3.639264688099259e-02	8.441533846729678e-04	7.163175604050050e-05
3.730995722589003e-02	8.102651053344558e-04	6.981675206312709e-05
3.825038922697278e-02	6.252480759509043e-04	6.194561986868691e-05
3.921452568698337e-02	6.781814670710517e-04	6.462154876153573e-05
4.020296409874682e-02	6.739340484176598e-04	6.481487819418326e-05
4.121631701544774e-02	6.127213538456043e-04	6.225680782563161e-05
4.225521243024070e-02	4.866197434173532e-04	5.678067267916275e-05
4.332029416542889e-02	5.436893456319612e-04	6.057516544806615e-05
4.441222227145249e-02	4.334121365729048e-04	5.597221838239212e-05
4.553167343593389e-02	3.551112803781642e-04	5.534686967351749e-05
4.667934140303327e-02	3.266593015343836e-04	5.547347321461328e-05
4.785593740337436e-02	2.525431221379192e-04	5.309431037169782e-05
4.906219059480703e-02	3.277481070257933e-04	6.135266806315879e-05
5.029884851427954e-02	3.038052728345199e-04	6.313295152797329e-05
5.156667754110078e-02	2.389741329479678e-04	5.992750499067166e-05
5.286646337187936e-02	3.309141254301218e-04	7.420001703668794e-05
5.419901150743403e-02	1.361657518863754e-04	5.366128635740756e-05
5.556514775197719e-02	3.087752712445129e-04	7.472992881683187e-05
5.696571872488063e-02	2.077373716774111e-04	6.737289809262076e-05
5.840159238534096e-02	2.895158685388883e-04	7.705360347991416e-05
5.987365857026956e-02	5.802679620362884e-05	4.490993120890391e-05
6.138282954574073e-02	4.351435557007926e-05	5.295605795641855e-05
6.293004057233942e-02	-5.377268742930056e-05	2.409773234833274e-05
6.451625048475917e-02	1.316216804825541e-04	6.459832510531961e-05
6.614244228600938e-02	1.136785493056871e-04	5.869635993013187e-05
6.780962375659999e-02	1.923858032054672e-04	8.435321223551030e-05
6.951882807908140e-02	1.002663702013635e-04	6.601803707328465e-05
7.127111447832635e-02	8.924963251512442e-05	6.893546141406691e-05
7.260579549943269e-02	2.613089508445322e-04	1.366224056642687e-04
