6.531919542251160e-03	2.292564089284935e-01	2.895745956346656e-02
6.696368008362871e-03	2.840215929980930e-01	2.944163200376327e-02
6.864956650701734e-03	2.630116946752828e-01	2.395899563224173e-02
7.037789702889362e-03	2.622257643808752e-01	2.092335611853181e-02
7.214974022746750e-03	2.936204889694152e-01	2.071447445757965e-02
7.396619158361454e-03	2.793751149768245e-01	1.816997448648831e-02
7.582837415818102e-03	2.809095819046148e-01	1.670173057598381e-02
7.773743928634091e-03	3.035635885134761e-01	1.612514975050681e-02
7.969456728943404e-03	3.222982089367236e-01	1.550718937244021e-02
8.170096820472567e-03	3.466792722599758e-01	1.504726632790715e-02
8.375788253353847e-03	3.494818660638234e-01	1.421246465406724e-02
8.586658200821974e-03	3.557218398084548e-01	1.337994037241597e-02
8.802837037841767e-03	3.730874887814964e-01	1.301626390702144e-02
9.024458421715325e-03	3.808147998619281e-01	1.246356849934964e-02
9.251659374718573e-03	3.727714406161975e-01	1.167011507640019e-02
9.484580368818288e-03	3.857594628397633e-01	1.129690115105524e-02
9.723365412521976e-03	3.880100388277987e-01	1.066057341529764e-02
9.968162139914277e-03	3.946006090172549e-01	1.031904751931502e-02
1.021912190193498e-02	3.685028245118487e-01	9.442509240538440e-03
1.047639985995506e-02	3.208276123438025e-01	8.370004902091508e-03
1.074015508170857e-02	2.858926501403923e-01	7.446336987750029e-03
1.101055063963979e-02	2.671578058790361e-01	8.118740434985054e-03
1.128775371172632e-02	2.595407881010002e-01	8.457163677739941e-03
1.157193568484053e-02	2.299624053886350e-01	7.219551159896732e-03
1.186327226071323e-02	2.151211052845189e-01	6.744589590791888e-03
1.216194356456513e-02	1.941450975142582e-01	6.130512839369009e-03
1.246813425647323e-02	1.749648230724245e-01	5.407922503634647e-03
1.278203364554092e-02	1.524647576599218e-01	4.756573760742333e-03
1.310383580694247e-02	1.373519422973014e-01	4.317484069764266e-03
1.343373970191432e-02	1.220708728127891e-01	3.828461626024296e-03
1.377194930076716e-02	1.032230002552302e-01	3.316529751117211e-03
1.411867370899508e-02	8.929919099368147e-02	2.923642065411379e-03
1.447412729655961e-02	7.859956247067297e-02	2.609802481242301e-03
1.483852983042862e-02	6.578322755714677e-02	2.260365265638230e-03
1.521210661045214e-02	5.724816870497318e-02	2.025163138322178e-03
1.559508860865883e-02	4.726720873702447e-02	1.723415391964945e-03
1.598771261205956e-02	4.141668071648723e-02	1.537361130373006e-03
1.639022136904617e-02	3.122847327546170e-02	1.264922094703449e-03
1.680286373947594e-02	2.780183267059195e-02	1.141967965258174e-03
1.722589484853467e-02	2.121952807404920e-02	9.503952571834671e-04
1.765957624447343e-02	1.837105115984139e-02	8.363739960270495e-04
1.810417606031648e-02	1.456338859086636e-02	7.117657803831996e-04
1.855996917964038e-02	1.226716911064646e-02	6.279164618973677e-04
1.902723740652680e-02	1.037957941988316e-02	5.500142922566510e-04
1.950626963979408e-02	6.999091211308008e-03	4.375316384463415e-04
1.999736205161519e-02	6.566700851041139e-03	4.061268474363422e-04
2.050081827063274e-02	5.070262979915708e-03	3.465878667369379e-04
2.101694956968402e-02	3.994554735312128e-03	2.957528556401545e-04
2.154607505825221e-02	3.286946912289870e-03	2.591641644830985e-04
2.208852187976285e-02	2.733089198016383e-03	2.287483437227943e-04
2.264462541384742e-02	2.320241057080868e-03	2.057405501582348e-04
2.321472948369915e-02	1.900455637516402e-03	1.851522819732107e-04
2.379918656864924e-02	1.269076238791025e-03	1.493782573760253e-04
2.439835802209491e-02	1.261872389389329e-03	1.455826494587514e-04
2.501261429491407e-02	1.135410248892863e-03	1.369194541568981e-04
2.564233516450471e-02	8.612659413818279e-04	1.209653327528705e-04
2.628790996959056e-02	6.664021977829949e-04	1.068084807893461e-04
2.694973785093829e-02	6.342613481614752e-04	1.037911245936062e-04
2.762822799813507e-02	6.798400253836207e-04	1.068363775597933e-04
2.832379990257896e-02	4.052455582321613e-04	8.287599800904084e-05
2.903688361683869e-02	4.546383882724470e-04	8.676491592222778e-05
2.976792002054303e-02	3.267137801801910e-04	7.393889712607824e-05
3.051736109296434e-02	1.960871215382929e-04	6.356040297693103e-05
3.128567019246460e-02	2.020593600006041e-04	5.852550779766978e-05
3.207332234297694e-02	2.189467776712206e-04	6.169552011861166e-05
3.288080452769951e-02	2.505019356798926e-04	6.539805006208765e-05
3.370861599018358e-02	2.097434815071577e-04	5.712420559579908e-05
3.455726854300176e-02	1.885435301234437e-04	5.444549259336555e-05
3.542728688418735e-02	1.554151045828307e-04	5.080140657952373e-05
3.631920892164041e-02	1.894276207602996e-04	5.504148836916876e-05
3.723358610570109e-02	1.460113776520483e-04	4.912523811973151e-05
3.817098377009587e-02	9.599915913039437e-05	4.638360766607864e-05
3.913198148146754e-02	1.211485696192913e-04	4.655359433583903e-05
4.011717339770499e-02	1.048303047527168e-04	4.626640902089308e-05
4.112716863529428e-02	5.949838046464481e-05	4.223349517055448e-05
4.216259164591834e-02	8.681748063216205e-05	4.212481688008937e-05
4.322408260253782e-02	3.615729354694285e-05	3.261300891991386e-05
4.431229779519212e-02	7.918111298402602e-05	4.375771068330771e-05
4.542791003676503e-02	2.074596272065619e-05	3.955493707739041e-05
4.657160907896606e-02	1.094569790793108e-04	5.012047240943280e-05
4.774410203878453e-02	5.728468418318962e-05	4.771966579762497e-05
4.894611383568018e-02	-5.698817567775610e-05	3.198801330676523e-05
5.017838763978046e-02	6.400370688406219e-05	5.066303406453952e-05
5.144168533136177e-02	9.548059394382510e-05	6.046143427562406e-05
5.273678797189862e-02	1.118520731682867e-04	6.842360377397607e-05
5.406449628697202e-02	2.478003490141285e-05	5.692002278085684e-05
5.542563116133557e-02	4.443836495814752e-07	5.464651961241844e-05
5.682103414644549e-02	-4.026008187311518e-05	3.300983591652488e-05
5.825156798076822e-02	1.506534787826109e-05	6.141068268853045e-05
5.971811712318738e-02	5.246091448505110e-06	6.075019102486318e-05
6.122158829983986e-02	1.072557627041646e-04	8.283019483316585e-05
6.276291106471911e-02	4.137602990382722e-05	7.111723378788500e-05
6.434303837439226e-02	2.907608964144218e-05	4.707482500528076e-05
6.596294717718640e-02	-4.081747201817420e-07	6.754240695757499e-05
6.762363901720830e-02	8.111222438234299e-06	5.365679625097449e-05
6.932614065357098e-02	1.069978853832458e-05	7.924989767994501e-05
7.107150469521002e-02	-2.375949911591214e-05	4.102360380015616e-06
7.250423213993884e-02	1.079690030931439e-04	1.080590247137761e-04
