6.532015878499265e-03	4.763105602671508e-01	5.129956378424277e-02
6.696661870732718e-03	5.653695519001620e-01	4.344904083650394e-02
6.865457929846407e-03	4.964342186455439e-01	3.428830803280392e-02
7.038508662426115e-03	5.153002713339156e-01	3.067597740051980e-02
7.215921311771227e-03	4.570685743784250e-01	2.647414575518683e-02
7.397805824355733e-03	5.461236490767304e-01	2.636202374459674e-02
7.584274917964443e-03	5.145140153266470e-01	2.312096162476265e-02
7.775444151546655e-03	5.550792505488096e-01	2.260447095305556e-02
7.971431996830539e-03	5.797468031300579e-01	2.137465136984617e-02
8.172359911742651e-03	5.313691128102968e-01	1.903932209857843e-02
8.378352415678036e-03	6.205673718068547e-01	1.942956206179347e-02
8.589537166667615e-03	5.860465384553428e-01	1.756109764090888e-02
8.806045040490639e-03	5.580600965918908e-01	1.622457662674677e-02
9.028010211781245e-03	5.961393637369983e-01	1.591528614566841e-02
9.255570237179402e-03	6.063394261543368e-01	1.515522223627952e-02
9.488866140577746e-03	6.206950223483344e-01	1.465372345500861e-02
9.728042500517150e-03	6.003851890819267e-01	1.352644477039145e-02
9.973247539785185e-03	5.416617798728721e-01	1.223924789038178e-02
1.022463321727301e-02	4.434130496096891e-01	1.042179153716065e-02
1.048235532214759e-02	3.845512654877110e-01	9.208570366153425e-03
1.074657357039764e-02	3.333832058953342e-01	8.042492504893589e-03
1.101745170381309e-02	3.020605518454775e-01	8.755988638964041e-03
1.129515759145940e-02	2.651600904873298e-01	8.601591204191536e-03
1.157986333370973e-02	2.092917857172280e-01	6.733927562872297e-03
1.187174536889921e-02	1.669382916330023e-01	5.630495219137287e-03
1.217098458266769e-02	1.429880003730878e-01	4.974618394762145e-03
1.247776642005841e-02	1.244864641958389e-01	4.320218370904061e-03
1.279228100044240e-02	1.033657469409384e-01	3.731253227531352e-03
1.311472323533955e-02	8.661343922559736e-02	3.248640167116990e-03
1.344529294920952e-02	7.213594260166933e-02	2.771071415016083e-03
1.378419500328729e-02	5.661452405404412e-02	2.329836074768663e-03
1.413163942254015e-02	4.956013736193560e-02	2.095380992456004e-03
1.448784152582470e-02	4.312202254385226e-02	1.851997390763414e-03
1.485302205932464e-02	3.480860923850180e-02	1.577319306585596e-03
1.522740733335198e-02	3.060609186705131e-02	1.433018079190788e-03
1.561122936259645e-02	2.669919770136026e-02	1.250450829739557e-03
1.600472600991005e-02	2.247345092663641e-02	1.095659610958366e-03
1.640814113371585e-02	2.007623934435485e-02	9.972209389861124e-04
1.682172473913229e-02	1.801285039474916e-02	9.057379923820691e-04
1.724573313290685e-02	1.643521766546664e-02	8.226061701053443e-04
1.768042908225490e-02	1.306832515538862e-02	6.982812550831867e-04
1.812608197770222e-02	1.288508654498583e-02	6.663820697591017e-04
1.858296800003218e-02	1.168552743803886e-02	6.084612678062894e-04
1.905137029144099e-02	1.121248736537753e-02	5.690509912837139e-04
1.953157913100706e-02	9.564226266007421e-03	5.092800638871028e-04
2.002389211458322e-02	8.711412386004144e-03	4.673323228075306e-04
2.052861433922340e-02	7.359381082462576e-03	4.160667543342134e-04
2.104605859225787e-02	7.253835091783066e-03	3.970870799364056e-04
2.157654554513432e-02	6.134055988172085e-03	3.521789768503185e-04
2.212040395214498e-02	5.636615687082572e-03	3.278096540131039e-04
2.267797085416274e-02	5.220462143527320e-03	3.052809860975280e-04
2.324959178751277e-02	4.415827719537518e-03	2.790255694244669e-04
2.383562099810882e-02	4.550718864798838e-03	2.785712209170410e-04
2.443642166098715e-02	4.453440119779857e-03	2.708721054680740e-04
2.505236610537399e-02	4.450939141572487e-03	2.661661524548419e-04
2.568383604542605e-02	3.566777791374247e-03	2.388361689245490e-04
2.633122281678706e-02	3.228750285797020e-03	2.245903721850348e-04
2.699492761910700e-02	3.331111610591450e-03	2.311900785725135e-04
2.767536176467421e-02	2.601537478259353e-03	2.004200792133022e-04
2.837294693331458e-02	2.951714758181056e-03	2.098797084300011e-04
2.908811543371571e-02	2.495330371730977e-03	1.916099928255713e-04
2.982131047133795e-02	2.046814149172353e-03	1.702808130342337e-04
3.057298642307849e-02	2.136300084530446e-03	1.541479323296582e-04
3.134360911885861e-02	1.967992370337792e-03	1.442040094331197e-04
3.213365613030856e-02	1.753434573204888e-03	1.288700279130435e-04
3.294361706672912e-02	1.868110675395553e-03	1.270539771292056e-04
3.377399387851309e-02	1.637834613868437e-03	1.169851131151083e-04
3.462530116821489e-02	1.505354858416217e-03	1.072282214541221e-04
3.549806650946091e-02	1.209695828909252e-03	9.248420242617691e-05
3.639283077389839e-02	1.112778628948455e-03	8.583376474341484e-05
3.731014846638528e-02	1.183918174325620e-03	8.561808934803321e-05
3.825058806862898e-02	1.035342454813052e-03	7.920398544218351e-05
3.921473239148685e-02	8.441255768029774e-04	6.940178081761375e-05
4.020317893614667e-02	8.534957403228901e-04	6.750366667910498e-05
4.121654026441118e-02	9.175503659075289e-04	6.810257920647695e-05
4.225544437831592e-02	7.026491544573400e-04	5.797445539879340e-05
4.332053510931575e-02	8.250116047791905e-04	6.155572440018409e-05
4.441247251728116e-02	6.631490915623528e-04	5.341222601105172e-05
4.553193329955176e-02	6.885204457026348e-04	5.366574061018394e-05
4.667961121030026e-02	5.235592621706382e-04	4.606101574769141e-05
4.785621749046708e-02	5.841593383474427e-04	4.744629025190921e-05
4.906248130853180e-02	5.521333018343234e-04	4.458462514936837e-05
5.029915021239465e-02	5.036945762259018e-04	4.190114421562100e-05
5.156699059264827e-02	4.802825668625217e-04	4.217307195239493e-05
5.286678815752657e-02	4.645284148410601e-04	3.959317334756334e-05
5.419934841982518e-02	4.564202545715180e-04	3.790591945973383e-05
5.556549719609530e-02	4.488875380977228e-04	3.654729812965095e-05
5.696608111842008e-02	4.023824857671041e-04	3.319078729276772e-05
5.840196815909098e-02	3.571353006844090e-04	3.033128911176892e-05
5.987404816850903e-02	3.234986226836244e-04	2.778119696060301e-05
6.138323342664446e-02	2.608921825861174e-04	2.399497124006158e-05
6.293045920839646e-02	2.895389480745764e-04	2.415076846276454e-05
6.451668436320329e-02	2.674974863785818e-04	2.285349281190354e-05
6.614289190926220e-02	2.739757123661589e-04	2.219119860040066e-05
6.781008964272706e-02	2.283511823994861e-04	1.926187592972984e-05
6.951931076226164e-02	2.172423020364679e-04	1.842164824661591e-05
7.127161450933521e-02	1.699407580100390e-04	1.526100290229820e-05
7.306808682465751e-02	1.904757017056309e-04	1.596031043601708e-05
7.490984102115983e-02	1.595624611503171e-04	1.397179905345084e-05
7.679801847393919e-02	1.376396815537744e-04	1.230032929106882e-05
7.873378932759328e-02	1.573545487184983e-04	1.291570235579046e-05
8.071835322138460e-02	1.270507628494987e-04	1.096007560607772e-05
8.275294003268283e-02	9.884690093288238e-05	9.141076014008962e-06
8.483881063914664e-02	1.043547647034562e-04	9.142154051572356e-06
8.697725770011697e-02	8.471522462492218e-05	7.837517102766195e-06
8.916960645770611e-02	6.794305366581105e-05	6.864152542092457e-06
9.141721555807905e-02	7.286826647808197e-05	6.853381361862384e-06
9.372147789343599e-02	7.120304903343732e-05	6.554461159050215e-06
9.608382146521793e-02	5.499130336629580e-05	5.620547635459946e-06
9.850571026907021e-02	4.779264355991264e-05	5.192735010771865e-06
1.009886452021124e-01	5.573199996451338e-05	5.410818113121595e-06
1.035341649930769e-01	4.813981100587241e-05	5.324834290703977e-06
1.061438471558923e-01	4.220937326211082e-05	5.756862873041059e-06
1.088193089673038e-01	3.539480812699610e-05	5.102083100216746e-06
1.115622084691336e-01	3.012702968197876e-05	3.650654126073029e-06
1.143742454958066e-01	2.291335850916952e-05	3.253734498678145e-06
1.172571627277739e-01	2.237505909880413e-05	3.198524805577645e-06
1.202127467714902e-01	2.061331588160882e-05	3.203712057621557e-06
1.232428292666124e-01	1.722315423141014e-05	3.036987927461030e-06
1.263492880211066e-01	1.391675993940311e-05	2.828918111527645e-06
1.295340481749666e-01	1.832834517453520e-05	2.802753153350349e-06
1.327990833932648e-01	9.266194251159455e-06	2.365711354471487e-06
1.361464170892754e-01	6.132208227871932e-06	2.013668351034936e-06
1.395781236784277e-01	5.313758309695625e-06	1.849252986420888e-06
1.430963298638661e-01	3.646749276093289e-06	1.778640336288895e-06
1.467032159544147e-01	7.647906270397189e-06	1.873295440078591e-06
1.504010172157617e-01	5.224907900669608e-06	1.742863886072662e-06
1.541920252557022e-01	3.075451405805439e-06	1.642490498206164e-06
1.580785894442974e-01	1.382182408814114e-06	1.486688412427845e-06
1.620631183698304e-01	4.618591403690796e-06	1.625683250952694e-06
1.661480813314603e-01	1.059265453809482e-06	1.449117851827013e-06
1.703360098695011e-01	-9.607298790265177e-07	1.316805304774801e-06
1.746294993342717e-01	1.657622410865839e-06	1.403583577171655e-06
1.790312104944914e-01	9.357178148194221e-07	1.361691741729301e-06
1.835438711862156e-01	1.404891489945220e-06	1.391925318661213e-06
1.881702780033353e-01	3.070210030153967e-06	1.460823905917978e-06
1.929132980306874e-01	1.625877941665117e-06	1.441289920100071e-06
1.977758706208489e-01	-8.947713157852466e-07	1.188233330032212e-06
2.027610092157180e-01	-1.732332158141888e-06	1.264378202235562e-06
2.078718032140094e-01	-1.037567271900204e-06	1.454704926259507e-06
2.131114198858217e-01	-1.158637172814668e-07	1.509866766587641e-06
2.184831063354638e-01	5.537586271549063e-06	1.874823034650454e-06
2.239901915137555e-01	1.759465992860197e-06	1.608964363721219e-06
2.296360882810512e-01	2.660962723048839e-06	1.909194382478927e-06
2.354242955222634e-01	-1.158236828824545e-06	1.562126167282324e-06
2.413584003151976e-01	9.228703936896644e-07	1.883602315311077e-06
2.474420801535424e-01	1.316623173751424e-06	2.017925329472428e-06
2.536791052258927e-01	-2.921046155025471e-07	1.635402424570844e-06
2.600733407522164e-01	-1.350345169902224e-06	1.703237257867896e-06
2.666287493792169e-01	-3.826257857512376e-06	1.703474385602030e-06
2.733493936360694e-01	2.200842938443393e-06	2.124672494739904e-06
2.802394384520601e-01	-2.312659770197562e-07	2.025610111653764e-06
2.873031537376828e-01	-2.291310287838230e-06	1.533889196494304e-06
2.945449170307948e-01	-1.816944887463613e-06	1.468366888801645e-06
3.019692162094730e-01	2.711561193930665e-06	2.316704302650749e-06
3.095806522732490e-01	-2.675099485440186e-06	1.687928341711258e-06
3.173839421944485e-01	4.482698525620466e-07	2.289851198798378e-06
3.253839218414018e-01	-4.118956185453596e-06	2.859801933623365e-07
3.327767134221087e-01	2.344122452049086e-06	3.048487167568623e-06
