3.003969677978231e-02	1.725174724426606e-03	2.570875521747553e-04
3.079617532352126e-02	1.464713509467867e-03	1.970879955899182e-04
3.157170398588600e-02	8.866750385293903e-04	1.310280472954432e-04
3.236676249894910e-02	5.317263747154718e-04	9.076741742846607e-05
3.318184267569804e-02	3.246403916006341e-04	7.167743993726283e-05
3.401744871426435e-02	2.090656410228933e-04	5.213806946823978e-05
3.487409750981413e-02	1.621864204578215e-04	3.985042861336504e-05
3.575231897429276e-02	3.095741944722420e-04	4.874459398100026e-05
3.665265636422161e-02	2.538919382756683e-04	4.290942548753132e-05
3.757566661674958e-02	3.495178141399999e-04	4.522334172293964e-05
3.852192069416723e-02	4.334574855273804e-04	4.592159837712128e-05
3.949200393709676e-02	4.340171103436788e-04	4.284497625707916e-05
4.048651642657616e-02	4.091347766048888e-04	3.929466877918705e-05
4.150607335526169e-02	4.020934332509548e-04	3.776876878228866e-05
4.255130540797809e-02	3.393616449936899e-04	3.318658252052655e-05
4.362285915185220e-02	3.081702369606404e-04	2.926451600813971e-05
4.472139743627097e-02	2.103625079172885e-04	2.370437549248663e-05
4.584759980291171e-02	1.517667778389784e-04	2.027099057490681e-05
4.700216290609774e-02	8.239532877632183e-05	1.526608968279375e-05
4.818580094373986e-02	3.148076257216420e-05	1.074214214953357e-05
4.939924609912999e-02	5.172821375369609e-05	1.173405485595364e-05
5.064324899386036e-02	4.704048360908042e-05	1.094077043163191e-05
5.191857915214840e-02	4.424417681131100e-05	1.072130994804182e-05
5.322602547685452e-02	6.787802364911942e-05	1.091065126288923e-05
5.456639673748730e-02	7.767526536066675e-05	1.079209252851080e-05
5.594052207049791e-02	9.105263321548495e-05	1.132121453048811e-05
5.734925149217329e-02	6.346195563536932e-05	9.301960427730131e-06
5.879345642444533e-02	5.950553526482963e-05	8.962872445869619e-06
6.027403023394123e-02	3.956026530678330e-05	7.250905915897293e-06
6.179188878460866e-02	2.647907248817553e-05	6.379645604033426e-06
6.334797100425743e-02	1.774017685893509e-05	5.232255207720084e-06
6.494323946536822e-02	1.584433725386239e-05	5.079431144621634e-06
6.657868098052747e-02	1.628939088206284e-05	4.769131439743941e-06
6.825530721285705e-02	8.444054873709110e-06	4.108474480435103e-06
6.997415530181605e-02	2.544049252107584e-05	4.888588715538159e-06
7.173628850476194e-02	2.124722597378622e-05	4.225970231704022e-06
7.354279685466789e-02	1.093647658833962e-05	3.574587637142736e-06
7.539479783440320e-02	1.358171400014498e-05	3.472500900188479e-06
7.729343706799387e-02	8.793501713764184e-06	3.155555142243681e-06
7.923988902929086e-02	8.690062807120993e-06	2.771536217520963e-06
8.123535776848458e-02	7.561477614698877e-06	2.497813456953095e-06
8.328107765691486e-02	2.812411209465660e-06	2.223695165027946e-06
8.537831415063721e-02	5.583340503213657e-06	2.264969588103610e-06
8.752836457321769e-02	6.471884910778230e-06	2.134700193293227e-06
8.973255891824061e-02	4.444581739312702e-06	2.009424440386129e-06
9.199226067202550e-02	6.950527084005486e-07	1.765700509612614e-06
9.430886765706217e-02	2.537656683214694e-06	1.777924901661496e-06
9.668381289668590e-02	1.430595376815575e-06	1.572455682209805e-06
9.911856550152706e-02	3.911869771340703e-06	1.696064754064790e-06
1.016146315782843e-01	4.194975281259300e-06	1.806295970055138e-06
1.041735551613827e-01	6.057621396158995e-06	2.507311159354681e-06
1.067969191680937e-01	1.289609679683929e-05	3.512509100511343e-06
1.094863463777072e-01	3.279397785847818e-06	1.424493911876079e-06
1.122435004353623e-01	2.461538351010722e-06	1.322007718344525e-06
1.150700868811567e-01	3.600410785720739e-06	1.390339742862516e-06
1.179678542051717e-01	2.234375324970076e-06	1.331878353641639e-06
1.209385949290660e-01	7.484269626860969e-07	1.308632009128065e-06
1.239841467149066e-01	3.513710841820618e-07	1.376361034987306e-06
1.271063935019225e-01	2.725150070141490e-06	1.313182793773561e-06
1.303072666718861e-01	1.217605733770496e-06	1.227503054760734e-06
1.335887462438402e-01	1.588583914880096e-06	1.230090672863081e-06
1.369528620989132e-01	8.465636871090673e-07	1.110366762401872e-06
1.404016952359772e-01	1.870348963109689e-06	1.103003529943513e-06
1.439373790589269e-01	1.403769796140473e-06	1.102549410882200e-06
1.475621006963764e-01	6.323785206386240e-08	9.957531542592031e-07
1.512781023545883e-01	1.695316801599806e-06	1.043030070805142e-06
1.550876827044743e-01	7.530827939837697e-07	9.829944511997014e-07
1.589931983035228e-01	7.285243487385210e-07	9.896941660650441e-07
1.629970650535360e-01	-7.753313485819835e-07	8.818348061669931e-07
1.671017596950748e-01	9.571977279036679e-07	9.910045212393687e-07
1.713098213395393e-01	7.921317040019359e-07	9.277329995700420e-07
1.756238530398304e-01	6.733721128677653e-07	9.230132632373411e-07
1.800465234005649e-01	8.228434317944682e-07	9.332930358289587e-07
1.845805682288399e-01	2.688578364039245e-07	9.015695764410599e-07
1.892287922265680e-01	1.902206007624624e-06	9.063932375232079e-07
1.939940707254302e-01	1.137083705857762e-06	9.218726823431596e-07
1.988793514655185e-01	9.656530967680787e-07	9.528868311913920e-07
2.038876564187709e-01	5.723739000127077e-07	9.677899211831809e-07
2.090220836583236e-01	1.782384040902006e-06	1.072623537552142e-06
2.142858092749400e-01	2.474346090752988e-06	1.222731422972776e-06
2.196820893416992e-01	7.489872279674097e-07	1.107637610082507e-06
2.252142619281610e-01	5.546784546430593e-07	1.039646557979433e-06
2.308857491652533e-01	2.218746373210937e-06	1.265161661432650e-06
2.367000593621578e-01	-2.087757037686523e-07	1.077669903230569e-06
2.426607891765053e-01	2.432792073645446e-06	1.333074221210922e-06
2.487716258392220e-01	1.463590619359020e-06	1.346538398707010e-06
2.550363494354031e-01	1.873186576359959e-08	1.216068278838408e-06
2.614588352426246e-01	1.780429035917860e-06	1.395430908235953e-06
2.680430561281411e-01	-4.058272206912327e-08	1.292646623975382e-06
2.747930850064493e-01	1.173954921660526e-06	1.366221409027901e-06
2.817130973587417e-01	-7.935487654285129e-07	1.372840114623179e-06
2.888073738158050e-01	3.079255936207061e-07	1.424507464031305e-06
2.960803028059636e-01	3.361634167431290e-07	1.478751042258751e-06
3.035363832697048e-01	-1.929516048391388e-06	1.185658084525024e-06
3.111802274426657e-01	3.494181103257790e-06	1.826534608730894e-06
3.190165637087034e-01	-2.449706650913658e-07	1.368392825994005e-06
3.270502395248117e-01	3.615287743752913e-07	1.246727387395421e-06
3.336183782639954e-01	-7.095047622498707e-07	1.786035523924093e-06
