6.531919117736974e-03	7.522614987415819e-01	6.919411396221102e-02
6.696366713445120e-03	7.916906143782181e-01	4.558299469247606e-02
6.864954441822814e-03	7.261713177385472e-01	3.679368513962566e-02
7.037786534850146e-03	7.461211631819643e-01	3.323948782857646e-02
7.214969848651533e-03	7.581825579105537e-01	3.051285279797232e-02
7.396613929561183e-03	7.132048049918560e-01	2.699508457724792e-02
7.582831081851815e-03	7.344547976306750e-01	2.486348960199926e-02
7.773736437168517e-03	7.756467333844372e-01	2.381478270820089e-02
7.969448025710674e-03	8.065463657168808e-01	2.273862219004763e-02
8.170086849205966e-03	7.389059832069846e-01	2.006125078714925e-02
8.375776955721575e-03	7.816904176760192e-01	1.959633658990348e-02
8.586645516358821e-03	7.793741597058945e-01	1.822067816354360e-02
8.802822903878670e-03	8.051753860907473e-01	1.759002454391575e-02
9.024442773306718e-03	7.495848266738434e-01	1.596023885137042e-02
9.251642144567487e-03	8.160270448275594e-01	1.581926821940641e-02
9.484561487199120e-03	7.993339035711576e-01	1.488054173802245e-02
9.723344807200844e-03	7.699022180309860e-01	1.365263469130387e-02
9.968139736066932e-03	7.866628127964218e-01	1.326659689469865e-02
1.021909762206215e-02	7.940073658962417e-01	1.268123658340802e-02
1.047637362379519e-02	7.271676404893989e-01	1.149666306221437e-02
1.074012680614786e-02	6.971123700467261e-01	1.059242931757298e-02
1.101052023861944e-02	6.800184278060321e-01	1.483708901545373e-02
1.128772109614692e-02	6.721913729715644e-01	1.657947068660065e-02
1.157190076246351e-02	5.929540661142066e-01	1.372555105257071e-02
1.186323493605930e-02	5.530713402851075e-01	1.261062544753141e-02
1.216190373880953e-02	4.926770531754096e-01	1.108897404680048e-02
1.246809182733779e-02	4.320865762669330e-01	9.500875818341107e-03
1.278198850718285e-02	3.683607829588383e-01	8.112760176182727e-03
1.310378784983969e-02	3.034176507767184e-01	6.723307591095727e-03
1.343368881274725e-02	2.440147158215990e-01	5.438672600431838e-03
1.377189536229697e-02	1.810583804055794e-01	4.259915151292430e-03
1.411861659993816e-02	1.313753058431514e-01	3.297385067804744e-03
1.447406689145821e-02	8.947951789647213e-02	2.487930141131919e-03
1.483846599951756e-02	6.072505325622989e-02	1.892452537451281e-03
1.521203921952141e-02	4.094190382210940e-02	1.457081087463599e-03
1.559501751891208e-02	3.029920597687137e-02	1.162135568606030e-03
1.598763767996821e-02	2.031259958809888e-02	9.055821528142854e-04
1.639014244619909e-02	1.972796743856648e-02	8.550659998260210e-04
1.680278067242460e-02	1.715563872570246e-02	7.640482161055405e-04
1.722580747863356e-02	1.478748658258052e-02	6.781338729403775e-04
1.765948440771564e-02	1.256735067355479e-02	5.890325514613702e-04
1.810407958716429e-02	1.325804348844553e-02	5.851329699077348e-04
1.855986789485074e-02	1.212242565105050e-02	5.353454258305247e-04
1.902713112897150e-02	1.179125109289945e-02	5.038548725823985e-04
1.950615818227449e-02	9.600269230212117e-03	4.387953192142897e-04
1.999724522067143e-02	8.957104761120646e-03	4.085821874810210e-04
2.050069586634706e-02	7.208726809481344e-03	3.544418230823664e-04
2.101682138547821e-02	6.420197865858090e-03	3.237002182510595e-04
2.154594088067901e-02	4.666261059215655e-03	2.654821604412005e-04
2.208838148829098e-02	3.624559743658254e-03	2.271035924056736e-04
2.264447858064020e-02	2.672400824020059e-03	1.895919342603970e-04
2.321457597338639e-02	2.468403408484664e-03	1.801189615054023e-04
2.379902613809237e-02	1.687663857286049e-03	1.481633306585303e-04
2.439819042014498e-02	1.503110862128643e-03	1.371561452626030e-04
2.501243926216255e-02	1.143448609144928e-03	1.189910124433557e-04
2.564215243302676e-02	1.313787497313735e-03	1.271703991713103e-04
2.628771926268064e-02	1.264028774264071e-03	1.228013340331852e-04
2.694953888283789e-02	1.240763998955957e-03	1.262170144746467e-04
2.762802047375221e-02	1.085901087991757e-03	1.163194854461382e-04
2.832358351719940e-02	1.051661705097000e-03	1.109738328470906e-04
2.903665805582841e-02	8.862873218998084e-04	1.023391954535568e-04
2.976768495904195e-02	7.167076446349145e-04	9.158951450646669e-05
3.051711619557079e-02	4.641578969770168e-04	6.848124838684989e-05
3.128541511291048e-02	5.412041803804739e-04	7.032090749446254e-05
3.207305672379311e-02	4.802712698501270e-04	6.176368454088399e-05
3.288052799987133e-02	2.846838556719057e-04	4.918957400353319e-05
3.370832817279609e-02	3.255449856441889e-04	4.919149440223675e-05
3.455696904287441e-02	3.344992571523825e-04	4.841147857960252e-05
3.542697529549781e-02	2.817386240148077e-04	4.384033948483404e-05
3.631888482553727e-02	1.769021662194747e-04	3.473284558168893e-05
3.723324906990499e-02	1.941036942087376e-04	3.442156952412707e-05
3.817063334848891e-02	2.498845058550020e-04	3.624505205079204e-05
3.913161721367048e-02	1.669953934125945e-04	3.032702780898325e-05
4.011679480864185e-02	1.861048499876112e-04	3.049111261616504e-05
4.112677523474421e-02	1.074837123842775e-04	2.504937541421084e-05
4.216218292805413e-02	1.463675155383382e-04	2.639351735405488e-05
4.322365804545081e-02	1.060379321634599e-04	2.138468517136256e-05
4.431185686040308e-02	6.872922252551509e-05	1.612126432458922e-05
4.542745216872059e-02	8.012159597875364e-05	1.771865492687505e-05
4.657113370452030e-02	6.471962369137620e-05	1.717370956057112e-05
4.774360856666530e-02	8.345754523433523e-05	1.782304426187729e-05
4.894560165593967e-02	6.015521103947611e-05	1.379473477959870e-05
5.017785612322961e-02	4.862938210146696e-05	1.205622762411850e-05
5.144113382898804e-02	6.284703981107154e-05	1.356589431768123e-05
5.273621581426664e-02	2.873301843891084e-05	8.820916569156411e-06
5.406390278360662e-02	2.504198814439262e-05	8.666720834618039e-06
5.542501560008670e-02	4.372527364320678e-05	1.040726548663825e-05
5.682039579283449e-02	3.716659374662383e-05	9.194151541978895e-06
5.825090607731488e-02	3.771175485603881e-05	8.942090934678173e-06
5.971743088871737e-02	2.756116611162602e-05	7.547875312536046e-06
6.122087692877172e-02	2.444176232835587e-05	6.750386225305169e-06
6.276217372633047e-02	2.927244839972394e-05	6.990186942832495e-06
6.434227421206457e-02	2.222506967528284e-05	5.895402399825320e-06
6.596215530762750e-02	2.921645414785697e-05	6.504395632152610e-06
6.762281852965232e-02	1.897592527682052e-05	5.188986747476407e-06
6.932529060895486e-02	1.849526756862370e-05	4.921860349703066e-06
7.107062412532590e-02	-1.005202656832483e-05	3.250185111489688e-06
7.285989815830510e-02	1.534730894002237e-05	4.221928023750668e-06
7.469421895433859e-02	8.653899024267715e-06	3.091359275752708e-06
7.657472061073302e-02	5.591578290196539e-06	2.755511553130530e-06
7.850256577682883e-02	4.265635080062702e-06	2.371532130838269e-06
8.047894637282628e-02	3.578557924107281e-06	2.109197059711584e-06
8.250508432670856e-02	7.388221288196561e-06	2.542017960272216e-06
8.458223232971777e-02	8.859433131676437e-06	2.520268822753971e-06
8.671167461085075e-02	4.542101170896771e-06	1.889150476610716e-06
8.889472773085354e-02	3.750619853399346e-06	1.733559387629090e-06
9.113274139620550e-02	7.551497985585836e-06	2.117906042286047e-06
9.342709929359638e-02	6.791981251567112e-06	1.967596900796423e-06
9.577921994541197e-02	5.837021325959557e-06	1.809524863801827e-06
9.819055758675765e-02	5.106732808889598e-06	1.611590900718372e-06
1.006626030645619e-01	4.198926647850399e-06	1.544127821274210e-06
1.031968847593153e-01	2.062780322710827e-06	1.283314929393388e-06
1.057949695300158e-01	-5.505797614076395e-07	9.398888315286108e-07
1.084584636829035e-01	1.744157264388199e-06	1.192873523119114e-06
1.111890139645843e-01	4.501715424380465e-06	1.395287280774459e-06
1.139883085801566e-01	1.284929067404196e-06	1.078666168066530e-06
1.168580782369707e-01	3.105590208186105e-06	1.253186638778190e-06
1.198000972146646e-01	3.464219506177592e-06	1.256459865952547e-06
1.228161844621410e-01	1.958454424659660e-06	1.101151316577153e-06
1.259082047221599e-01	-7.056851867465544e-07	9.524397174639163e-07
1.290780696842450e-01	5.190757077461383e-07	1.036051437933702e-06
1.323277391666156e-01	3.594925951539013e-06	1.272830519616442e-06
1.356592223278743e-01	1.508527866140229e-06	1.052299641628595e-06
1.390745789092008e-01	5.127505047979687e-07	9.406511040351613e-07
1.425759205078188e-01	6.392908659117725e-07	8.841694103098703e-07
1.461654118825237e-01	9.286326072329711e-07	9.349514516910288e-07
1.498452722920781e-01	2.830944463853264e-06	1.091375251894754e-06
1.536177768673034e-01	1.072666860879136e-06	8.969689329745518e-07
1.574852580177147e-01	1.006324848960908e-06	8.760615728710274e-07
1.614501068735687e-01	2.129333568622933e-06	9.503831728052135e-07
1.655147747642176e-01	1.658693958255410e-06	8.869859714235752e-07
1.696817747336816e-01	1.577363885562746e-06	8.859994754636312e-07
1.739536830943768e-01	7.760275875061815e-07	7.401119711867949e-07
1.783331410199608e-01	2.883679898127988e-07	7.345945644076290e-07
1.828228561782793e-01	3.568344216202588e-07	7.708127503037627e-07
1.874256044054237e-01	5.480014231509586e-07	7.706757051190979e-07
1.921442314219346e-01	4.549264711287824e-07	7.645431592082354e-07
1.969816545922132e-01	3.520798051572949e-07	6.877292161338686e-07
2.019408647282268e-01	-3.666770276759602e-07	6.688564590015834e-07
2.070249279386246e-01	1.665977127922529e-06	9.290757890344729e-07
2.122369875244074e-01	5.516393300694303e-07	8.413437861159971e-07
2.175802659223219e-01	-9.773828632600890e-07	8.328097231976045e-07
2.230580666971823e-01	4.925221430332554e-07	9.793465023133368e-07
2.286737765843506e-01	1.868397019620902e-07	9.527488314560188e-07
2.344308675836382e-01	1.807495516119352e-06	1.185902153743629e-06
2.403328991059238e-01	4.120260564874413e-07	1.002943673918558e-06
2.463835201738146e-01	8.015677994096107e-07	1.063305726927272e-06
2.525864716777105e-01	-2.751881018698258e-06	8.077387515156990e-07
2.589455886886686e-01	-2.519169785295725e-06	7.646618022669813e-07
2.654648028294945e-01	-2.978108710030346e-07	1.020796978148853e-06
2.721481447055299e-01	2.330152612272326e-06	1.560139605029629e-06
2.789997463966363e-01	-7.117402936488542e-07	1.146554807967585e-06
2.860238440119180e-01	5.931135159708296e-07	1.247126336850803e-06
2.932247803087621e-01	3.177528887356861e-06	1.941506605389019e-06
3.006070073778155e-01	-1.166947250395354e-06	1.079457895717598e-06
3.081750893955594e-01	1.300443668576758e-06	1.538873701827947e-06
3.159337054461820e-01	1.975561624221867e-06	1.749309875511199e-06
3.238876524144951e-01	1.247261920723224e-06	1.495277798281980e-06
3.320168982168070e-01	-3.385914794261897e-07	8.089706527715289e-07
