6.537204885651922e-03	nan	nan
6.712498828574428e-03	nan	nan
6.892493246235420e-03	nan	nan
7.077314180997794e-03	nan	nan
7.267091055027153e-03	nan	nan
7.461956760920589e-03	nan	nan
7.662047754765672e-03	nan	nan
7.867504151694779e-03	nan	nan
8.078469824001719e-03	nan	nan
8.295092501889307e-03	nan	nan
8.517523876918495e-03	nan	nan
8.745919708231457e-03	nan	nan
8.980439931623025e-03	nan	nan
9.221248771536864e-03	nan	nan
9.468514856064794e-03	nan	nan
9.722411335029810e-03	nan	nan
9.983116001235462e-03	nan	nan
1.025081141496652e-02	nan	nan
1.052568503182813e-02	nan	nan
1.080792933401288e-02	nan	nan
1.109774196508785e-02	nan	nan
1.139532586839591e-02	nan	nan
1.170088942916822e-02	nan	nan
1.201464662044748e-02	nan	nan
1.233681715292403e-02	nan	nan
1.266762662878986e-02	nan	nan
1.300730669971810e-02	nan	nan
1.335609522907877e-02	nan	nan
1.371423645850426e-02	nan	nan
1.408198117892127e-02	nan	nan
1.445958690616894e-02	nan	nan
1.484731806132612e-02	nan	nan
1.524544615587411e-02	nan	nan
1.565424998182448e-02	nan	nan
1.607401580694515e-02	nan	nan
1.650503757522144e-02	nan	nan
1.694761711269239e-02	nan	nan
1.740206433880660e-02	nan	nan
1.786869748344550e-02	nan	nan
1.834784330976608e-02	nan	nan
1.883983734301910e-02	nan	nan
1.934502410550301e-02	nan	nan
1.986375735781813e-02	nan	nan
2.039640034659003e-02	nan	nan
2.094332605883550e-02	nan	nan
2.150491748314938e-02	nan	nan
2.208156787789503e-02	nan	nan
2.267368104658626e-02	nan	nan
2.328167162065361e-02	nan	nan
2.390596534979293e-02	nan	nan
2.454699940009960e-02	nan	nan
2.520522266019721e-02	nan	nan
2.588109605557497e-02	nan	nan
2.657509287135405e-02	nan	nan
2.728769908370881e-02	nan	nan
2.801941370017507e-02	nan	nan
2.877074910908366e-02	nan	nan
2.954223143836399e-02	nan	nan
3.033440092396878e-02	nan	nan
3.114781228817820e-02	nan	nan
3.198303512804798e-02	nan	nan
3.284065431427385e-02	nan	nan
3.372127040075130e-02	nan	nan
3.462550004511775e-02	nan	nan
3.555397644057140e-02	nan	nan
3.650734975926923e-02	nan	nan
3.748628760761466e-02	nan	nan
3.849147549375363e-02	nan	nan
3.952361730760658e-02	nan	nan
4.058343581377225e-02	nan	nan
4.167167315764878e-02	nan	nan
4.278909138512625e-02	nan	nan
4.393647297621465e-02	nan	nan
4.511462139298111e-02	nan	nan
4.632436164217985e-02	nan	nan
4.756654085296895e-02	nan	nan
4.884202887011864e-02	nan	nan
5.015171886312612e-02	nan	nan
5.149652795166391e-02	nan	nan
5.287739784779935e-02	nan	nan
5.429529551543508e-02	nan	nan
5.575121384743242e-02	nan	nan
5.724617236089159e-02	nan	nan
5.878121791107575e-02	nan	nan
6.035742542447876e-02	nan	nan
6.197589865155017e-02	nan	nan
6.363777093960413e-02	nan	nan
6.534420602645394e-02	nan	nan
6.709639885532770e-02	nan	nan
6.889557641163563e-02	nan	nan
7.074299858217542e-02	nan	nan
7.236617957055433e-02	nan	nan
