3.003960076233148e-02	1.822072514722421e-03	3.261007288696914e-04
3.079588243584661e-02	1.638403480144267e-03	2.923565686204129e-04
3.157120437471745e-02	1.418582141624599e-03	2.360587744219142e-04
3.236604593963398e-02	8.916806759520803e-04	1.635750954141449e-04
3.318089855974563e-02	9.160152528307007e-04	1.512582507171985e-04
3.401626603649874e-02	7.631006623086857e-04	1.193794975604300e-04
3.487266485512346e-02	9.142863076511126e-04	1.198394893611003e-04
3.575062450396261e-02	7.890422248483162e-04	1.050907723192646e-04
3.665068780184011e-02	8.979986355113266e-04	1.028970242092706e-04
3.757341123367126e-02	6.696410339493291e-04	8.404555062125463e-05
3.851936529452234e-02	6.980366480538670e-04	8.113701248444939e-05
3.948913484233242e-02	5.687876291339848e-04	6.790415240547101e-05
4.048331945951525e-02	6.001316821746921e-04	6.561890182978760e-05
4.150253382366492e-02	6.151370006682378e-04	6.270846149846089e-05
4.254740808759449e-02	6.030667244714287e-04	5.919069020728676e-05
4.361858826894252e-02	4.549948595057316e-04	4.996046875079213e-05
4.471673664958840e-02	4.683237092273883e-04	4.705705937494907e-05
4.584253218512337e-02	4.837398697869039e-04	4.534546036935824e-05
4.699667092463054e-02	3.680146401992268e-04	3.877824160660155e-05
4.817986644103329e-02	4.577972988413085e-04	4.075621864633650e-05
4.939285027227818e-02	3.593785944732096e-04	3.352755856059521e-05
5.063637237362521e-02	3.337201177583135e-04	3.184533832223196e-05
5.191120158132497e-02	3.674476997175107e-04	3.412949257990070e-05
5.321812608796939e-02	3.161054380226150e-04	2.900685731988620e-05
5.455795392981000e-02	3.006124346603841e-04	2.724464523926838e-05
5.593151348634504e-02	2.873207566064349e-04	2.552735728702440e-05
5.733965399248415e-02	2.327058185223523e-04	2.204129834343243e-05
5.878324606360755e-02	2.368165082546714e-04	2.129368576853188e-05
6.026318223384398e-02	2.151932211909284e-04	1.970902674515798e-05
6.178037750790065e-02	1.814644559512782e-04	1.744940331868346e-05
6.333576992678594e-02	1.998356612436013e-04	1.747796481517137e-05
6.493032114777497e-02	1.711864034260512e-04	1.566618164440136e-05
6.656501703897635e-02	1.688239759378527e-04	1.481550231297407e-05
6.824086828886802e-02	1.481019885266263e-04	1.362378494447273e-05
6.995891103117857e-02	1.606421844627440e-04	1.342320161247892e-05
7.172020748550098e-02	1.267697230156321e-04	1.145659560639409e-05
7.352584661403433e-02	9.555390965242935e-05	9.722449486117949e-06
7.537694479485990e-02	1.094011493310421e-04	9.943784748442242e-06
7.727464651216759e-02	1.064498459556253e-04	9.253701186031554e-06
7.922012506385975e-02	8.525671591113762e-05	8.145349787844552e-06
8.121458328696973e-02	8.544344688910366e-05	7.641692688814485e-06
8.325925430134362e-02	6.356944678174214e-05	6.521407890251650e-06
8.535540227204502e-02	5.603339238115078e-05	5.823000371521783e-06
8.750432319095434e-02	4.949472113835295e-05	5.317084482004459e-06
8.970734567804571e-02	3.913268609545431e-05	4.745289557072231e-06
9.196583180283688e-02	3.977760903348038e-05	4.486424679197499e-06
9.428117792652024e-02	2.821006219469856e-05	3.942732736368405e-06
9.665481556529529e-02	3.203446767051603e-05	3.863205729303333e-06
9.908821227543663e-02	3.133793309991134e-05	3.760432785794738e-06
1.015828725606445e-01	3.585920776130288e-05	3.921793303166180e-06
1.041403388022390e-01	2.784310147852755e-05	4.005599524362980e-06
1.067621922127726e-01	2.178576928917503e-05	5.257565682659082e-06
1.094500538136521e-01	2.462018694045439e-05	3.014852841935707e-06
1.122055854373714e-01	1.360169532403445e-05	2.570762277959752e-06
1.150304907549790e-01	1.675345178316300e-05	2.562232254168367e-06
1.179265163294111e-01	1.056170824852707e-05	2.282723429983972e-06
1.208954526953448e-01	1.501488248969819e-05	2.531712141169725e-06
1.239391354662375e-01	9.828034821421664e-06	2.363927491627422e-06
1.270594464692373e-01	9.669297089401601e-06	2.163137023149732e-06
1.302583149086660e-01	5.963333472427916e-06	1.895335241136832e-06
1.335377185587942e-01	5.545646382363617e-06	1.889126397920523e-06
1.368996849866463e-01	4.324842006914712e-06	1.709960669528097e-06
1.403462928055898e-01	3.514303621723827e-06	1.490673856052360e-06
1.438796729604869e-01	2.136010581371715e-06	1.470857958758123e-06
1.475020100451999e-01	1.970874675539882e-06	1.431594106934025e-06
1.512155436532668e-01	2.689262320249513e-06	1.473301037259701e-06
1.550225697625817e-01	2.405947698438131e-07	1.192009493887659e-06
1.589254421549363e-01	9.183973140617845e-07	1.317854859282357e-06
1.629265738712999e-01	2.933481772519660e-06	1.359821407477844e-06
1.670284387037375e-01	1.611009663505961e-06	1.323324282410988e-06
1.712335727248888e-01	-1.217391988676801e-06	1.136688988586808e-06
1.755445758559537e-01	-9.335681568562669e-08	1.194769116384094e-06
1.799641134741540e-01	1.377137938955054e-06	1.207915993339947e-06
1.844949180606640e-01	-1.077694482323091e-06	1.098293641436779e-06
1.891397908900299e-01	-4.099545330994605e-08	1.090325160308992e-06
1.939016037621231e-01	2.296785211105286e-06	1.318404337919738e-06
1.987833007776963e-01	2.085449077328116e-06	1.299884915444852e-06
2.037879001586419e-01	-8.420641483239885e-07	1.106099324577208e-06
2.089184961140773e-01	5.034131448946719e-07	1.405009997107866e-06
2.141782607534111e-01	1.101896044679803e-06	1.504513682349681e-06
2.195704460475733e-01	-9.996022165732932e-07	1.119937032574371e-06
2.250983858396211e-01	1.304977778530528e-06	1.455856682453457e-06
2.307654979059643e-01	3.019867210613757e-07	1.381824747061327e-06
2.365752860694847e-01	-8.524507509170522e-07	1.524806915215544e-06
2.425313423658555e-01	-3.572587854202347e-06	1.235380785016965e-06
2.486373492644000e-01	-1.545389133138225e-06	1.330796479616926e-06
2.548970819448635e-01	-2.500856324232634e-08	1.657731625409199e-06
2.613144106315055e-01	5.830945614633775e-07	1.845456842182726e-06
2.678933029859549e-01	2.269964888009397e-08	1.640449452716275e-06
2.746378265603083e-01	2.039715859518036e-06	2.252386569673397e-06
2.815521513119887e-01	-3.487859649641449e-06	1.229808849097725e-06
2.886405521819172e-01	1.256556727428868e-07	1.807030249043175e-06
2.959074117375942e-01	-4.442501200506668e-06	1.314767654101507e-06
3.033572228827229e-01	2.721283160174383e-06	2.476653778282485e-06
3.109945916350512e-01	-1.007056013688633e-07	1.810173390070678e-06
3.188242399741476e-01	-1.265342785922954e-06	1.298665835497660e-06
3.268510087608750e-01	1.988080909578532e-07	1.980740327428302e-06
3.335170083185374e-01	-1.258006636647454e-06	1.606078015020567e-07
