6.532015638109654e-03	3.070902533401716e-01	3.293000716039403e-02
6.696661137445381e-03	3.408107970635941e-01	3.228375115699285e-02
6.865456678966150e-03	3.393074630745343e-01	2.797425609328815e-02
7.038506868325970e-03	2.771200005932995e-01	2.157559964219800e-02
7.215918947861170e-03	3.038158591498216e-01	2.135706028547048e-02
7.397802863050412e-03	3.320842091477995e-01	1.982977005241620e-02
7.584271330649902e-03	3.121797064801095e-01	1.744306187532844e-02
7.775439908545999e-03	3.128213695317059e-01	1.627171474272421e-02
7.971427067368538e-03	3.609007766772321e-01	1.636181711768308e-02
8.172354263909214e-03	3.334898589179620e-01	1.469230614941219e-02
8.378346016390564e-03	3.893244763978738e-01	1.496543388020571e-02
8.589529981632163e-03	3.761134338877006e-01	1.366290607740108e-02
8.806037034161862e-03	3.961613905409376e-01	1.334921578968198e-02
9.028001347321110e-03	3.846253211111334e-01	1.244556475357693e-02
9.255560476414602e-03	4.189630157445498e-01	1.233136229230218e-02
9.488855443955786e-03	4.342676684812252e-01	1.197364148827953e-02
9.728030827061078e-03	4.003340538385813e-01	1.078559711205873e-02
9.973234847046913e-03	3.966916417648470e-01	1.028182213121374e-02
1.022461946128518e-02	3.711519100648073e-01	9.417374415543684e-03
1.048234045737396e-02	3.351040274486441e-01	8.541474086519686e-03
1.074655754968191e-02	2.867531119689650e-01	7.409901016813998e-03
1.101743447832619e-02	2.677936533894926e-01	8.089823523031227e-03
1.129513911064510e-02	2.481712403683166e-01	8.254353402506234e-03
1.157984354522862e-02	2.157197596562077e-01	6.865459089891614e-03
1.187172421857090e-02	1.990666795144573e-01	6.320330811961609e-03
1.217096201441125e-02	1.768587630485279e-01	5.619598678389803e-03
1.247774237583103e-02	1.548128967484680e-01	4.989698895452171e-03
1.279225542017607e-02	1.451930290910348e-01	4.601551731545959e-03
1.311469605687586e-02	1.247734519098800e-01	4.035517947831563e-03
1.344526410823244e-02	9.965498899396065e-02	3.341410829041767e-03
1.378416443325390e-02	9.110972202097514e-02	3.069549999028361e-03
1.413160705460924e-02	7.724116590733664e-02	2.670087817537931e-03
1.448780728878317e-02	6.583788377112286e-02	2.345465867741189e-03
1.485298587951168e-02	5.375530988070671e-02	2.002463766681396e-03
1.522736913458092e-02	4.471636201198165e-02	1.747670939751388e-03
1.561118906607424e-02	4.039083457407357e-02	1.565708449435825e-03
1.600468353415425e-02	3.492641230916826e-02	1.395564696820090e-03
1.640809639446909e-02	2.430156167803987e-02	1.102292181546466e-03
1.682167764927422e-02	2.238841767285287e-02	1.014334106150654e-03
1.724568360236329e-02	1.836173193373206e-02	8.756374598088712e-04
1.768037701790429e-02	1.361938250472094e-02	7.093591618513366e-04
1.812602728327922e-02	1.010400705239862e-02	5.853295541814895e-04
1.858291057602837e-02	8.454937807507452e-03	5.127757422064593e-04
1.905131003500254e-02	6.465857496083615e-03	4.294987113245554e-04
1.953151593582927e-02	5.471116918665025e-03	3.817818173614521e-04
2.002382587080196e-02	4.077156986821719e-03	3.191934781871306e-04
2.052854493330315e-02	3.453293247103789e-03	2.829371483242601e-04
2.104598590687647e-02	2.640786348476018e-03	2.382801183031158e-04
2.157646945906422e-02	2.051328266665629e-03	2.045927686675367e-04
2.212032434013088e-02	1.732447487740684e-03	1.817184498860537e-04
2.267788758679559e-02	1.293387884207125e-03	1.542837325462713e-04
2.324950473109992e-02	9.954905848466758e-04	1.352023717668430e-04
2.383553001454031e-02	8.366770685147583e-04	1.214915474155072e-04
2.443632660759799e-02	9.058207638274940e-04	1.230464444429584e-04
2.505226683480222e-02	7.781454006541892e-04	1.142602034231467e-04
2.568373240546665e-02	5.414674594982107e-04	9.727940895468549e-05
2.633111465024141e-02	5.519156440298248e-04	9.523593148462686e-05
2.699481476362784e-02	3.855146203600329e-04	9.024886603880834e-05
2.767524405260597e-02	4.597877376588976e-04	8.941090896733344e-05
2.837282419152892e-02	2.763506793213938e-04	7.284623724571850e-05
2.908798748344213e-02	2.919014909815598e-04	7.287808290092921e-05
2.982117712798938e-02	2.498424549463969e-04	6.614832619111114e-05
3.057284749607164e-02	3.503122215482991e-04	7.392242148920342e-05
3.134346441142895e-02	2.007610076313598e-04	5.705001553039049e-05
3.213350543931981e-02	1.738973956773126e-04	5.532007222868820e-05
3.294346018247704e-02	1.940200677991853e-04	5.825561599908241e-05
3.377383058452346e-02	1.669596121230583e-04	5.153949906443832e-05
3.462513124103542e-02	9.830387192856934e-05	4.323829789047353e-05
3.549788971844701e-02	2.372022859512219e-05	3.644579326105935e-05
3.639264688099259e-02	1.025855181079214e-04	4.376335320277046e-05
3.730995722589003e-02	8.450044759241180e-05	4.391396953000543e-05
3.825038922697278e-02	1.107682054363930e-04	4.685260114549674e-05
3.921452568698337e-02	1.252722248849948e-04	4.915385387939378e-05
4.020296409874682e-02	8.059075343121470e-05	4.294856133869242e-05
4.121631701544774e-02	1.059561025595426e-04	4.850499446217232e-05
4.225521243024070e-02	5.535602826096960e-05	3.842610086586446e-05
4.332029416542889e-02	-2.143961136973061e-05	2.632576331640262e-05
4.441222227145249e-02	1.938490948731862e-05	3.693923785390832e-05
4.553167343593389e-02	4.157020805431188e-05	3.893757298003149e-05
4.667934140303327e-02	-2.844223387547384e-05	2.647085246819566e-05
4.785593740337436e-02	-1.704023148971930e-05	3.427467502106016e-05
4.906219059480703e-02	1.797013256139605e-05	4.144537269553513e-05
5.029884851427954e-02	-8.105709077383282e-06	4.129666424333374e-05
5.156667754110078e-02	1.014747140172247e-05	4.624009805570476e-05
5.286646337187936e-02	6.710579144887675e-05	5.695049206126878e-05
5.419901150743403e-02	2.600077141278123e-05	4.863742499841335e-05
5.556514775197719e-02	-3.068543565532855e-05	4.790867262159788e-05
5.696571872488063e-02	1.300006951944576e-05	5.881472831363555e-05
5.840159238534096e-02	5.951849875735713e-05	6.146301461685452e-05
5.987365857026956e-02	-3.123204461691264e-05	3.921308406729709e-05
6.138282954574073e-02	-6.389991052806282e-05	5.797269849980379e-06
6.293004057233942e-02	6.834057455029760e-05	6.477975688039947e-05
6.451625048475917e-02	-1.422714426532774e-04	9.189213637221020e-06
6.614244228600938e-02	3.216368057240418e-05	6.965655127279244e-05
6.780962375659999e-02	-4.028781293426552e-05	5.154683093483376e-06
6.951882807908140e-02	-1.397499069297689e-05	3.095844090560834e-06
7.127111447832635e-02	-7.642463250156525e-05	7.625496401717216e-06
7.260579549943269e-02	-3.407869648597387e-05	7.565720788417302e-06
