3.003969677978231e-02	3.946856370254724e-03	4.475333962566640e-04
3.079617532352126e-02	3.819791389349154e-03	3.209150219452653e-04
3.157170398588600e-02	3.488828676133453e-03	2.713595315122424e-04
3.236676249894910e-02	2.995219255922095e-03	2.179672214586208e-04
3.318184267569804e-02	2.393528984003699e-03	1.778946239845609e-04
3.401744871426435e-02	2.294774035862130e-03	1.572217575667634e-04
3.487409750981413e-02	1.865832021414174e-03	1.268405221842028e-04
3.575231897429276e-02	1.880305119795454e-03	1.175352091199818e-04
3.665265636422161e-02	1.668302520072739e-03	1.029927174878467e-04
3.757566661674958e-02	1.676996118283812e-03	9.627928014666335e-05
3.852192069416723e-02	1.428223324243806e-03	8.261770698085342e-05
3.949200393709676e-02	1.459786248711517e-03	7.745394635355083e-05
4.048651642657616e-02	1.271578666333129e-03	6.846260009271879e-05
4.150607335526169e-02	1.122356366388864e-03	6.083382363679827e-05
4.255130540797809e-02	1.099946155857695e-03	5.730039980182753e-05
4.362285915185220e-02	1.045744957507002e-03	5.310837477400577e-05
4.472139743627097e-02	9.069683223332841e-04	4.695625353777437e-05
4.584759980291171e-02	8.127886090959982e-04	4.217398334613457e-05
4.700216290609774e-02	7.919313380693084e-04	3.993798973096481e-05
4.818580094373986e-02	6.537248432369005e-04	3.458103827187720e-05
4.939924609912999e-02	6.607438962441485e-04	3.251365088149246e-05
5.064324899386036e-02	5.543698311515038e-04	3.015869547230069e-05
5.191857915214840e-02	5.308008603854407e-04	2.989684082227737e-05
5.322602547685452e-02	5.261970537956775e-04	2.759547083222757e-05
5.456639673748730e-02	4.488728187170021e-04	2.446126923290183e-05
5.594052207049791e-02	4.158593198198830e-04	2.271563436896865e-05
5.734925149217329e-02	3.688973819952251e-04	2.045970351562359e-05
5.879345642444533e-02	3.413561597123615e-04	1.887089102814914e-05
6.027403023394123e-02	2.958644103155328e-04	1.704392899164677e-05
6.179188878460866e-02	2.805674897944643e-04	1.573708180760413e-05
6.334797100425743e-02	2.233963364581789e-04	1.346599167692153e-05
6.494323946536822e-02	2.140210301338537e-04	1.269123412806433e-05
6.657868098052747e-02	2.142278073056393e-04	1.213741920020421e-05
6.825530721285705e-02	1.897305763281861e-04	1.095444353498834e-05
6.997415530181605e-02	1.635551427684822e-04	9.841283026947324e-06
7.173628850476194e-02	1.557932744687690e-04	9.138230162016912e-06
7.354279685466789e-02	1.287293521560517e-04	8.077632172328971e-06
7.539479783440320e-02	1.164916581707579e-04	7.341498117668006e-06
7.729343706799387e-02	1.153991601536957e-04	6.947528525860307e-06
7.923988902929086e-02	8.743219407469567e-05	5.926171385085282e-06
8.123535776848458e-02	8.535495474959306e-05	5.532207000190330e-06
8.328107765691486e-02	5.972513656427875e-05	4.659047143403801e-06
8.537831415063721e-02	5.366446090014063e-05	4.177166795073319e-06
8.752836457321769e-02	5.364252901836794e-05	3.933885485190670e-06
8.973255891824061e-02	4.371233284777942e-05	3.565299776906694e-06
9.199226067202550e-02	3.948999555822947e-05	3.278349218892035e-06
9.430886765706217e-02	3.219232727737610e-05	2.903000489530894e-06
9.668381289668590e-02	2.281265483454884e-05	2.499092391857457e-06
9.911856550152706e-02	2.243056685914201e-05	2.409219948423127e-06
1.016146315782843e-01	1.882757968621867e-05	2.357955994707762e-06
1.041735551613827e-01	1.610314010218294e-05	2.719127072391521e-06
1.067969191680937e-01	1.718049048588938e-05	3.556448010957363e-06
1.094863463777072e-01	8.954469975153857e-06	1.677576086476276e-06
1.122435004353623e-01	8.001446095912165e-06	1.626713538769471e-06
1.150700868811567e-01	5.614780967613002e-06	1.532417479223692e-06
1.179678542051717e-01	5.206122945519935e-06	1.487989337518618e-06
1.209385949290660e-01	1.677072154377130e-06	1.318512260935457e-06
1.239841467149066e-01	1.027969760157546e-06	1.489346651608635e-06
1.271063935019225e-01	2.830393753066283e-06	1.351020837467069e-06
1.303072666718861e-01	3.191600782152485e-06	1.312569842242211e-06
1.335887462438402e-01	1.635173817887429e-06	1.215318939684248e-06
1.369528620989132e-01	-8.880317145852788e-08	1.068273488609561e-06
1.404016952359772e-01	1.414628018379789e-06	1.082104073035827e-06
1.439373790589269e-01	3.088540711035322e-06	1.143261559940801e-06
1.475621006963764e-01	6.697927686134721e-07	9.884130523396467e-07
1.512781023545883e-01	2.958657568924183e-06	1.093411357351436e-06
1.550876827044743e-01	-7.269554992534136e-07	9.256631426561728e-07
1.589931983035228e-01	1.536336536236619e-06	1.002753636351201e-06
1.629970650535360e-01	1.942475365393547e-06	1.030189046058843e-06
1.671017596950748e-01	1.030426784841137e-06	9.564811885488863e-07
1.713098213395393e-01	5.247619893500473e-07	9.213272789972725e-07
1.756238530398304e-01	6.062080065327110e-07	9.342710566247968e-07
1.800465234005649e-01	6.315287119808202e-07	9.079547474804753e-07
1.845805682288399e-01	2.104945684363328e-06	9.916669486704826e-07
1.892287922265680e-01	6.771109366712824e-08	8.557829685185938e-07
1.939940707254302e-01	5.587031965330032e-07	9.009454447857190e-07
1.988793514655185e-01	2.890938451531586e-07	9.082925936548606e-07
2.038876564187709e-01	-4.671147353190142e-07	9.551530577788655e-07
2.090220836583236e-01	9.337124564535204e-07	1.056165363709052e-06
2.142858092749400e-01	-4.071588361381006e-07	1.106019413744209e-06
2.196820893416992e-01	1.876772386792311e-06	1.108711681948474e-06
2.252142619281610e-01	-5.206578788189636e-07	1.026030854303339e-06
2.308857491652533e-01	8.489354484582356e-07	1.183982730391078e-06
2.367000593621578e-01	2.594089231980374e-06	1.290305156188556e-06
2.426607891765053e-01	9.783156043638594e-07	1.282753594821166e-06
2.487716258392220e-01	1.633784606011668e-07	1.170170378724374e-06
2.550363494354031e-01	4.845438617456493e-07	1.255288491083612e-06
2.614588352426246e-01	-7.581783794067160e-07	1.240726118264938e-06
2.680430561281411e-01	1.083733848541673e-06	1.569688967277577e-06
2.747930850064493e-01	7.993167036444704e-07	1.405270023070492e-06
2.817130973587417e-01	3.228970625255691e-07	1.402817230421990e-06
2.888073738158050e-01	4.680763689436119e-07	1.251272930740073e-06
2.960803028059636e-01	2.323896061838914e-06	1.669296888220902e-06
3.035363832697048e-01	2.137346993515659e-06	1.756636427036929e-06
3.111802274426657e-01	-1.186230677401794e-06	1.389136898640008e-06
3.190165637087034e-01	-4.248809510632919e-07	1.261826822382626e-06
3.270502395248117e-01	-1.917816339171066e-06	1.272972611847047e-06
3.336183782639954e-01	4.304174536600927e-06	2.628999003675499e-06
