3.003960070263133e-02	1.717455696391997e-03	2.304744655909746e-04
3.079588225374011e-02	1.212808545313676e-03	1.827735857490359e-04
3.157120406407900e-02	7.485089783399472e-04	1.246154399564026e-04
3.236604549410713e-02	2.990283240342053e-04	7.088481296752283e-05
3.318089797273534e-02	3.182440937423994e-04	6.929607586299149e-05
3.401626530116338e-02	2.004971868938317e-04	5.085235986601684e-05
3.487266396436658e-02	2.152832803961233e-04	4.571293419137515e-05
3.575062345042446e-02	2.344997955906295e-04	4.603890264562989e-05
3.665068657788889e-02	1.973114605824416e-04	3.783631985852104e-05
3.757340983139403e-02	2.510968995627513e-04	3.957738552627812e-05
3.851936370571578e-02	3.064905423578017e-04	3.952719924436036e-05
3.948913305849316e-02	3.297389418325485e-04	3.814287308579968e-05
4.048331747182999e-02	2.595244271103532e-04	3.240187859220703e-05
4.150253162300021e-02	2.929170866095567e-04	3.232832277543968e-05
4.254740566448620e-02	2.621855121420904e-04	2.935797620988481e-05
4.361858561358496e-02	2.039966259114414e-04	2.493781761943322e-05
4.471673375182314e-02	1.647678518194371e-04	2.082965965381422e-05
4.584252903442770e-02	1.160465948214594e-04	1.755977008463024e-05
4.699666751010555e-02	3.969093551552045e-05	1.072122879664075e-05
4.817986275139159e-02	5.747543827539280e-05	1.181922551842123e-05
4.939284629583127e-02	3.484829405832932e-05	8.930038589683884e-06
5.063636809827043e-02	2.826745198219903e-05	7.731139273166053e-06
5.191119699453203e-02	4.920079124121263e-05	9.890372344071274e-06
5.321812117676655e-02	4.311709803597883e-05	8.403677073631406e-06
5.455794868076978e-02	3.741211641942681e-05	7.662115911098303e-06
5.593150788556944e-02	4.968580609897130e-05	8.306338433778884e-06
5.733964802558954e-02	3.985303895691668e-05	7.242721885280731e-06
5.878323971570897e-02	3.595570883680073e-05	6.802560276643820e-06
6.026317548953904e-02	4.207018023242745e-05	6.792462049458286e-06
6.178037035125293e-02	2.165167888503642e-05	5.016608410011018e-06
6.333576234130783e-02	1.588959615586276e-05	4.358269253199797e-06
6.493031311641001e-02	9.986440431437847e-06	3.837853890220209e-06
6.656500854408112e-02	1.437141405117652e-05	3.958665175113063e-06
6.824085931219326e-02	9.440540349928079e-06	3.474079384864080e-06
6.995890155384998e-02	1.621715100544650e-05	3.679842071598888e-06
7.172019748799924e-02	1.158800970633322e-05	3.153333972691305e-06
7.352583607617463e-02	7.512780888510339e-06	2.873822718585116e-06
7.537693369577077e-02	1.230129219351715e-05	2.878471859155756e-06
7.727463483026911e-02	4.745388742271395e-06	2.218489976507741e-06
7.922011277684120e-02	8.443771837432514e-06	2.355680773374063e-06
8.121457037176634e-02	3.144610819890713e-06	1.864057600739609e-06
8.325924073411281e-02	3.905151862450353e-06	1.810762471650160e-06
8.535538802814185e-02	4.682964706179153e-06	1.785965153367725e-06
8.750430824490626e-02	5.661090355559512e-06	1.759087302895059e-06
8.970733000352642e-02	1.016377068014952e-06	1.244211951467827e-06
9.196581537263956e-02	1.285930306793208e-06	1.271835376170939e-06
9.428116071252987e-02	2.641140005787198e-06	1.281600562622868e-06
9.665479753846019e-02	2.997378294031023e-06	1.308563302079472e-06
9.908819340573910e-02	1.212540081058672e-06	1.088213348968269e-06
1.015828528170706e-01	3.924131262532002e-06	1.287044728691163e-06
1.041403181527473e-01	1.267936929616677e-06	1.043679673673260e-06
1.067621706242624e-01	8.883028068260007e-07	9.756335844699450e-07
1.094500312519299e-01	2.055867158991239e-06	1.017283807070100e-06
1.122055618671176e-01	5.643566873230397e-07	9.582079075764955e-07
1.150304661397121e-01	2.408074048597890e-06	1.007392549911807e-06
1.179264906314520e-01	1.718236895307654e-06	9.986995793082937e-07
1.208954258757795e-01	9.739275140336331e-07	9.764914119298878e-07
1.239391074848790e-01	1.957072305774356e-06	9.937416762449743e-07
1.270594172845859e-01	-4.873771565704615e-07	7.915554848960903e-07
1.302582844778687e-01	4.101492928325864e-07	8.645515410199213e-07
1.335376868376032e-01	6.590194498036044e-07	8.750232552059541e-07
1.368996519293753e-01	1.818978733912512e-06	8.953385407324078e-07
1.403462583650704e-01	1.495692544477347e-06	8.437987824111789e-07
1.438796370880223e-01	1.674398831266303e-06	8.913197863282484e-07
1.475019726905181e-01	1.422982940194273e-06	8.236561370406863e-07
1.512155047644720e-01	1.667563294081418e-07	7.748986963357096e-07
1.550225292861046e-01	9.850191384663508e-07	7.674450432420701e-07
1.589254000354828e-01	-4.862112983919014e-07	6.832484270146609e-07
1.629265300517979e-01	1.942416833585462e-06	8.009382209081985e-07
1.670283931252825e-01	1.247595465430248e-06	7.587850980597726e-07
1.712335253266879e-01	1.004824399521044e-06	7.631757819849694e-07
1.755445265752680e-01	1.269967147268485e-06	7.462448661778401e-07
1.799640622462388e-01	-9.315283819966277e-07	6.143975342338292e-07
1.844948648187078e-01	2.291714669136601e-07	6.592695616465658e-07
1.891397355650914e-01	2.058737169392332e-06	7.842663448992396e-07
1.939015462830661e-01	1.265498410158141e-06	7.647629863970153e-07
1.987832410711231e-01	1.118657731612844e-06	7.443709675000521e-07
2.037878381488243e-01	-2.671465803444215e-07	6.653484746313491e-07
2.089184317228859e-01	-1.025358253529266e-07	7.020583008285261e-07
2.141781939002426e-01	1.076339398289950e-06	8.031593706122001e-07
2.195703766492750e-01	1.944741837812275e-06	9.219603974544976e-07
2.250983138104140e-01	1.275102187118969e-06	9.455262678279685e-07
2.307654231573634e-01	1.267618033977875e-06	9.742988695501642e-07
2.365752085102172e-01	3.820630999867684e-07	9.213715424124548e-07
2.425312619017763e-01	-5.458124913237088e-07	9.084607583425533e-07
2.486372657984052e-01	2.363474965714744e-06	1.213257867056341e-06
2.548969953768011e-01	3.642315271857381e-07	1.094202574121471e-06
2.613143208580831e-01	-1.357744974073398e-06	8.944537997623691e-07
2.678932099006455e-01	-5.491973020572579e-07	9.795144197208892e-07
2.746377300532526e-01	-1.122580204497490e-06	9.172597033042346e-07
2.815520512698950e-01	5.453845542917404e-08	1.032547629432536e-06
2.886404484879580e-01	3.919110164975639e-07	1.199522577596988e-06
2.959073042713002e-01	6.274899482957879e-07	1.380931324940757e-06
3.033571115198737e-01	2.674624936955089e-06	1.491027522470196e-06
3.109944762475623e-01	-1.302848234959352e-06	1.087570230272247e-06
3.188241204299553e-01	-8.653648275935814e-07	7.463218360057644e-07
3.268508849238169e-01	-1.119842838420438e-06	1.033441824912509e-06
3.335169453095115e-01	-1.310201451701823e-06	1.736710349761601e-06
