1.959758831552313e-02	5.698321575173852e-03	6.577487745774899e-04
2.009126846035672e-02	7.142876222725711e-03	6.952266554065320e-04
2.059738483364246e-02	5.529967201861117e-03	5.247349980473105e-04
2.111625071469638e-02	4.551057057750604e-03	4.108828500758096e-04
2.164818727461056e-02	3.226447403078510e-03	3.138356399680889e-04
2.219352377505379e-02	3.032723350781794e-03	2.785395239500168e-04
2.275259777208014e-02	2.832811846895165e-03	2.457894009505591e-04
2.332575532507169e-02	2.255512283225271e-03	2.053328294995102e-04
2.391335121094470e-02	2.206849689010658e-03	1.868673407576772e-04
2.451574914375180e-02	2.184771284523401e-03	1.749531535655268e-04
2.513332199981618e-02	1.857371271053176e-03	1.502106195720955e-04
2.576645204853704e-02	1.593221804499063e-03	1.303872083388648e-04
2.641553118900934e-02	1.606420767049131e-03	1.235452835505622e-04
2.708096119260406e-02	1.499366833801259e-03	1.126101276472406e-04
2.776315395165941e-02	1.257823112099113e-03	9.857745080757520e-05
2.846253173443669e-02	1.249495431440691e-03	9.335485416142849e-05
2.917952744649874e-02	1.116699988295906e-03	8.375956935703761e-05
2.991458489867274e-02	1.022040555008691e-03	7.607498683570982e-05
3.066815908176321e-02	8.996179041007416e-04	6.879699973272583e-05
3.144071644818528e-02	9.299854055170642e-04	6.620824517985710e-05
3.223273520069257e-02	7.752562345664490e-04	5.701951761766491e-05
3.304470558837831e-02	7.422744736971219e-04	5.517310065314652e-05
3.387713021013303e-02	6.038887410204165e-04	5.085384171286477e-05
3.473052432574661e-02	5.430463798809151e-04	4.360817769602521e-05
3.560541617484726e-02	5.850292073424136e-04	4.347625437020447e-05
3.650234730387479e-02	4.233347065741978e-04	3.590436269365981e-05
3.742187290129073e-02	4.196164299859898e-04	3.412412146464902e-05
3.836456214123257e-02	4.546524333625589e-04	3.464326470467152e-05
3.933099853582502e-02	4.002185028956267e-04	3.114595149841672e-05
4.032178029636622e-02	3.896649676966829e-04	2.924969729845971e-05
4.133752070361271e-02	2.967884441929343e-04	2.434380429427360e-05
4.237884848739193e-02	3.005146853545131e-04	2.386412720696628e-05
4.344640821577773e-02	2.436841415489508e-04	2.078538318526195e-05
4.454086069406941e-02	2.206006067722848e-04	1.903102871592094e-05
4.566288337382149e-02	2.070090127200890e-04	1.794555122103631e-05
4.681317077217711e-02	1.982493199323261e-04	1.635792665229749e-05
4.799243490176505e-02	2.012873120393855e-04	1.597207751044605e-05
4.920140571142601e-02	1.638269864754498e-04	1.400794889448542e-05
5.044083153804128e-02	1.316827567285966e-04	1.211275779112739e-05
5.171147956974336e-02	1.387569103582092e-04	1.177067057912397e-05
5.301413632079517e-02	1.290529782649734e-04	1.065786334936567e-05
5.434960811843199e-02	1.214190103927112e-04	1.015295797527007e-05
5.571872160196729e-02	1.108546723733200e-04	9.362554692811517e-06
5.712232423447150e-02	9.990345948591435e-05	8.629895221946596e-06
5.856128482734038e-02	9.263460313663156e-05	7.921195008425126e-06
6.003649407807778e-02	7.970320764866957e-05	7.232819633039960e-06
6.154886512162551e-02	7.888899274366609e-05	6.960425723653107e-06
6.309933409558183e-02	7.849801636419287e-05	6.591231494288327e-06
6.468886071965810e-02	5.640629811376583e-05	5.637528010670442e-06
6.631842888973263e-02	5.429316066743213e-05	5.297925798901514e-06
6.798904728686909e-02	4.829917706424620e-05	5.093438321008306e-06
6.970175000167678e-02	2.104438408554455e-05	4.609215899745550e-06
7.145759717439887e-02	5.102476640265054e-05	4.852415737378147e-06
7.325767565112526e-02	4.421496807631592e-05	4.496636924486559e-06
7.510309965653580e-02	2.969024908904921e-05	3.875130094849100e-06
7.699501148359067e-02	3.382149320062685e-05	4.083273276660476e-06
7.893458220059441e-02	2.789971696603111e-05	3.921132502213074e-06
8.092301237607177e-02	2.152102681218206e-05	3.596554453917588e-06
8.296153282190365e-02	2.435236378079115e-05	3.641754648683926e-06
8.505140535518332e-02	1.814750476266596e-05	3.135977656727332e-06
8.719392357926445e-02	2.054854284696009e-05	3.211653271123612e-06
8.939041368448439e-02	2.201317337568542e-05	3.173501067570520e-06
9.164223526905843e-02	1.345924110357594e-05	2.741329024765222e-06
9.395078218065303e-02	1.481482985264585e-05	2.718938934044620e-06
9.631748337915894e-02	1.572561703087294e-05	2.723237928468424e-06
9.874380382119856e-02	1.012142913484568e-05	2.428792688970642e-06
1.012312453669145e-01	9.179743637589599e-06	2.339888876527399e-06
1.037813477096011e-01	1.150569890501705e-05	2.466079318379572e-06
1.063956893287542e-01	1.198446782918870e-05	2.410877830060315e-06
1.090758884671291e-01	5.766393379014196e-06	2.148131409469450e-06
1.118236041324108e-01	3.904079450899071e-06	1.978865793725377e-06
1.146405371241185e-01	8.032549087691475e-06	2.212525035700806e-06
1.175284310863774e-01	6.777256839434438e-06	2.132503232515802e-06
1.204890735872116e-01	5.163966617043019e-06	2.017914747100577e-06
1.235242972250244e-01	2.062874853886281e-06	1.952797714154505e-06
1.266359807629531e-01	1.960230338319639e-06	1.734968157352401e-06
1.298260502917981e-01	4.698519630686429e-06	1.982515427867992e-06
1.330964804222474e-01	9.610046657317010e-07	1.754215466844757e-06
1.364492955071347e-01	2.059984996032125e-06	1.962302446264524e-06
1.398865708944867e-01	-4.453101230169498e-07	1.835669806718399e-06
1.434104342121360e-01	-1.972194613281047e-06	1.598140183848934e-06
1.470230666846947e-01	-1.186910359876023e-06	1.680613908565314e-06
1.507267044837032e-01	4.431405870353330e-06	2.583614801204037e-06
1.545236401117909e-01	4.831825500241350e-06	2.655946849130557e-06
1.584162238217047e-01	3.132283660630604e-06	2.686305878522502e-06
1.624068650710845e-01	-3.919958304900870e-06	2.125109480665678e-06
1.664980340138852e-01	-4.092916887533270e-07	2.452546373768568e-06
1.706922630293695e-01	-1.689790166093672e-06	2.487602016793631e-06
1.749921482896168e-01	3.973345047020804e-06	3.154807676065515e-06
1.794003513665195e-01	-1.022153582780507e-06	2.567592608358740e-06
1.839196008792602e-01	3.827601497892829e-06	3.087746460883318e-06
1.885526941832913e-01	1.762532783705292e-06	3.213862229990588e-06
1.933024991018608e-01	-3.610202017385890e-06	1.796734953873117e-06
1.981719557011564e-01	4.696235724619539e-06	3.971696349756092e-06
2.031640781101678e-01	-7.279898146788978e-06	2.125935661986718e-06
2.082819563863926e-01	3.983653267132541e-07	2.526310582760335e-06
2.135287584285404e-01	-3.338549776601431e-06	1.495516424117940e-06
2.176819733396802e-01	-3.751358647818635e-06	2.356132017663131e-06
