6.531919542251160e-03	3.334626043527935e-01	3.477125502040330e-02
6.696368008362871e-03	4.040655502472983e-01	2.649277010255391e-02
6.864956650701734e-03	3.315008055729394e-01	2.064531320320123e-02
7.037789702889362e-03	3.417567040344581e-01	1.843755979052185e-02
7.214974022746750e-03	3.588188033744685e-01	1.713526281925997e-02
7.396619158361454e-03	3.819453546973580e-01	1.616837606777349e-02
7.582837415818102e-03	3.722790565249001e-01	1.462632300907077e-02
7.773743928634091e-03	3.886192180642360e-01	1.385500891753340e-02
7.969456728943404e-03	4.065489702596182e-01	1.321120808971401e-02
8.170096820472567e-03	4.179668841198511e-01	1.248412520536155e-02
8.375788253353847e-03	4.200885303737338e-01	1.175000549781969e-02
8.586658200821974e-03	4.054256766501733e-01	1.074286423590214e-02
8.802837037841767e-03	4.374575686151315e-01	1.064798539120249e-02
9.024458421715325e-03	4.150008207584748e-01	9.771830739834128e-03
9.251659374718573e-03	4.223558750953224e-01	9.272884514337486e-03
9.484580368818288e-03	4.275266871183256e-01	8.914701950369759e-03
9.723365412521976e-03	4.176469926763184e-01	8.251689130556634e-03
9.968162139914277e-03	3.958789642736993e-01	7.681971871138572e-03
1.021912190193498e-02	3.434933569319171e-01	6.704284064570514e-03
1.047639985995506e-02	2.987971275417353e-01	5.931999301007563e-03
1.074015508170857e-02	2.743297191000739e-01	5.332254250355903e-03
1.101055063963979e-02	2.429778987474621e-01	6.150728035858777e-03
1.128775371172632e-02	2.229365383710549e-01	6.329665617546714e-03
1.157193568484053e-02	1.916317780564065e-01	5.196557734925762e-03
1.186327226071323e-02	1.678976813211628e-01	4.589649788117598e-03
1.216194356456513e-02	1.510750589533273e-01	4.168263498828303e-03
1.246813425647323e-02	1.261964337656695e-01	3.454640507148925e-03
1.278203364554092e-02	1.113499112570153e-01	3.074409425397987e-03
1.310383580694247e-02	9.090988011370496e-02	2.596410698540154e-03
1.343373970191432e-02	7.528167993055553e-02	2.180634460140134e-03
1.377194930076716e-02	6.298526142441775e-02	1.884201538062735e-03
1.411867370899508e-02	5.203165908596984e-02	1.605439235788717e-03
1.447412729655961e-02	4.519496031349508e-02	1.424877823364409e-03
1.483852983042862e-02	3.670332908124731e-02	1.214900823655294e-03
1.521210661045214e-02	3.283914511444161e-02	1.100120237765122e-03
1.559508860865883e-02	2.582207323709421e-02	9.058340306795862e-04
1.598771261205956e-02	2.205789305268557e-02	8.041710426137830e-04
1.639022136904617e-02	1.858864022598462e-02	7.001717691100400e-04
1.680286373947594e-02	1.710256478742260e-02	6.435135210306851e-04
1.722589484853467e-02	1.374019000697139e-02	5.474767935065563e-04
1.765957624447343e-02	1.269257924756774e-02	4.974492574299753e-04
1.810417606031648e-02	1.056398447807465e-02	4.343582370846530e-04
1.855996917964038e-02	9.977783731418163e-03	4.044037072353695e-04
1.902723740652680e-02	8.632509845654135e-03	3.594628402101580e-04
1.950626963979408e-02	7.875266987363761e-03	3.313517887097537e-04
1.999736205161519e-02	6.899231743298489e-03	2.996076186207656e-04
2.050081827063274e-02	6.065266430963276e-03	2.703757081150904e-04
2.101694956968402e-02	5.544180675293024e-03	2.482809103780027e-04
2.154607505825221e-02	4.629232046398944e-03	2.204484446715212e-04
2.208852187976285e-02	4.103519296624177e-03	2.004420862596417e-04
2.264462541384742e-02	4.080104003735040e-03	1.936593062087492e-04
2.321472948369915e-02	3.619878451464636e-03	1.805839271492826e-04
2.379918656864924e-02	3.165241762033259e-03	1.655106246502316e-04
2.439835802209491e-02	3.204144571262670e-03	1.638680176817216e-04
2.501261429491407e-02	2.714495622412617e-03	1.504063035566591e-04
2.564233516450471e-02	2.511965812106592e-03	1.432451212212634e-04
2.628790996959056e-02	2.165647873422104e-03	1.318541145493397e-04
2.694973785093829e-02	2.047648967194680e-03	1.296575468929956e-04
2.762822799813507e-02	1.898716300863909e-03	1.237476298861111e-04
2.832379990257896e-02	2.054396479172268e-03	1.257262615930363e-04
2.903688361683869e-02	1.672253187415074e-03	1.114290034159807e-04
2.976792002054303e-02	1.580814098697581e-03	1.072569791234522e-04
3.051736109296434e-02	1.450713271133302e-03	1.008748984639941e-04
3.128567019246460e-02	1.341552532838616e-03	9.565693441444608e-05
3.207332234297694e-02	1.101414774317342e-03	8.570100224041719e-05
3.288080452769951e-02	1.148345066447630e-03	8.548040249105648e-05
3.370861599018358e-02	9.888256777913845e-04	7.984893394394629e-05
3.455726854300176e-02	9.091560320358341e-04	7.568255735061465e-05
3.542728688418735e-02	8.210503456593589e-04	7.056230363672376e-05
3.631920892164041e-02	6.981666374546720e-04	6.658080108785000e-05
3.723358610570109e-02	8.105706775224296e-04	7.090989832193027e-05
3.817098377009587e-02	6.200555080072803e-04	6.258372872296551e-05
3.913198148146754e-02	5.589858053531916e-04	6.009060264805625e-05
4.011717339770499e-02	5.975284773179291e-04	6.268117891555872e-05
4.112716863529428e-02	5.056929588289437e-04	5.774562638665854e-05
4.216259164591834e-02	4.304868997272348e-04	5.446878824564143e-05
4.322408260253782e-02	4.258679116053825e-04	5.532503912187893e-05
4.431229779519212e-02	4.026150006636622e-04	5.375607883633243e-05
4.542791003676503e-02	2.844499594449702e-04	5.149843278868331e-05
4.657160907896606e-02	4.271063984435408e-04	6.075062518301992e-05
4.774410203878453e-02	2.409778231965974e-04	5.433154563582596e-05
4.894611383568018e-02	3.733391092596454e-04	6.540895031359105e-05
5.017838763978046e-02	1.353662981760881e-04	5.073716194192816e-05
5.144168533136177e-02	1.826835086152513e-04	5.632173534320917e-05
5.273678797189862e-02	2.339550970347240e-04	6.330520971831259e-05
5.406449628697202e-02	2.072769681290183e-04	6.274070474527058e-05
5.542563116133557e-02	9.561992828563078e-05	5.017381057278541e-05
5.682103414644549e-02	1.744117923507275e-04	6.090042334454586e-05
5.825156798076822e-02	9.985303151107968e-05	5.710643122199897e-05
5.971811712318738e-02	6.831581822524094e-05	5.890430601884041e-05
6.122158829983986e-02	7.240575134530557e-05	6.285695221411487e-05
6.276291106471911e-02	1.948417791584073e-04	7.511175119263600e-05
6.434303837439226e-02	2.726978068847769e-05	4.707828219254898e-05
6.596294717718640e-02	5.978720127297195e-05	5.467710505077603e-05
6.762363901720830e-02	2.197029572277992e-04	8.116160712998812e-05
6.932614065357098e-02	2.793927413194602e-05	5.295299873671771e-05
7.107150469521002e-02	1.265117423883020e-05	5.200642270960617e-05
7.250423213993884e-02	1.393223316590453e-04	1.026432861894295e-04
