6.532112639261555e-03	7.923756027172368e-01	8.340954880802322e-02
6.696957033825959e-03	7.820554616119212e-01	3.970812467952284e-02
6.865961441531591e-03	6.990760893926463e-01	3.219911549696021e-02
7.039230844470083e-03	6.773972491102573e-01	2.693179672224708e-02
7.216872874061130e-03	7.193756301845947e-01	2.563108389638184e-02
7.398997877910937e-03	7.354054922580949e-01	2.368583952462708e-02
7.585718988357897e-03	7.092167964780607e-01	2.087817690001730e-02
7.777152192748098e-03	7.540290719235703e-01	2.044492305018817e-02
7.973416405484289e-03	8.078187757720949e-01	1.971231399082863e-02
8.174633541893090e-03	7.795793282306902e-01	1.800069876664416e-02
8.380928593956304e-03	7.907985890431773e-01	1.712104841584663e-02
8.592429707953384e-03	7.917019033248681e-01	1.589272592195170e-02
8.809268264063296e-03	8.117547869164856e-01	1.530674797324939e-02
9.031578957975198e-03	8.103946398011130e-01	1.451652255791692e-02
9.259499884558660e-03	8.068050536998741e-01	1.352747632752042e-02
9.493172623645383e-03	8.351237393896459e-01	1.317799692165931e-02
9.732742327975698e-03	8.311935133649538e-01	1.235185244824256e-02
9.978357813364491e-03	8.259238877054450e-01	1.179698534926715e-02
1.023017165114256e-02	7.554942566540104e-01	1.059114981202694e-02
1.048834026293079e-02	7.172156429588477e-01	9.795698347920255e-03
1.075302401780611e-02	6.568647123563758e-01	8.775355574948475e-03
1.102438733191947e-02	6.292184393025556e-01	1.316628600704029e-02
1.130259877062779e-02	6.149826840912646e-01	1.447761122414899e-02
1.158783115320335e-02	5.599632124186873e-01	1.242197285155280e-02
1.188026166018559e-02	5.194939941447883e-01	1.120623423672806e-02
1.218007194344203e-02	4.951975991157265e-01	1.044135304346334e-02
1.248744823900673e-02	4.396043066931721e-01	8.946076972146834e-03
1.280258148276631e-02	4.055937423905547e-01	8.094155064470079e-03
1.312566742906540e-02	3.554822461167150e-01	6.995311467572155e-03
1.345690677230529e-02	3.080222002610456e-01	5.923191202295198e-03
1.379650527161119e-02	2.744737630486807e-01	5.240078407312501e-03
1.414467387864557e-02	2.339427280835098e-01	4.444846829583250e-03
1.450162886864707e-02	1.958589149468190e-01	3.741432033990628e-03
1.486759197477625e-02	1.632783699891685e-01	3.143915570505722e-03
1.524279052585170e-02	1.320608956634377e-01	2.608270849857291e-03
1.562745758756209e-02	1.068981081015921e-01	2.119195295076534e-03
1.602183210724181e-02	8.192685313544620e-02	1.727097637285613e-03
1.642615906230017e-02	6.361629563485639e-02	1.411143520754191e-03
1.684068961239638e-02	4.868794465872218e-02	1.149886182055426e-03
1.726568125545481e-02	3.533721965359111e-02	9.144282416677030e-04
1.770139798761747e-02	2.418849266437276e-02	6.983882898489756e-04
1.814811046723298e-02	1.558702586042674e-02	5.310283418979329e-04
1.860609618298407e-02	1.010470150108931e-02	4.070737030866713e-04
1.907563962625786e-02	7.072646417337211e-03	3.250309895679067e-04
1.955703246786610e-02	4.660923774774508e-03	2.529045282790253e-04
2.005057373922517e-02	3.375991921524156e-03	2.091875837417799e-04
2.055657001810825e-02	2.521362930689843e-03	1.735486058636616e-04
2.107533561908524e-02	2.842821556759718e-03	1.776935318492367e-04
2.160719278876847e-02	3.112607512337121e-03	1.806851460379873e-04
2.215247190598583e-02	3.447096640284851e-03	1.841094113965978e-04
2.271151168700529e-02	3.878499352238890e-03	1.876791607968642e-04
2.328465939593856e-02	4.769942558124923e-03	2.072723705000247e-04
2.387227106045446e-02	5.026529943578508e-03	2.084083592078198e-04
2.447471169293609e-02	4.940187574359284e-03	2.034758580941238e-04
2.509235551721903e-02	4.944036222302409e-03	2.014994378356385e-04
2.572558620105157e-02	4.588057865751530e-03	1.924614598183737e-04
2.637479709442130e-02	3.977725524747264e-03	1.786330627759723e-04
2.704039147389612e-02	3.549099897030319e-03	1.699067518961661e-04
2.772278279313136e-02	2.885723464476531e-03	1.512928644262729e-04
2.842239493969883e-02	2.377125408556017e-03	1.348143578037663e-04
2.913966249839706e-02	1.856610046323888e-03	1.182432372263762e-04
2.987503102120661e-02	1.316675455531631e-03	9.862390904343827e-05
3.062895730405778e-02	1.050853447417156e-03	7.964057843599870e-05
3.140190967058298e-02	6.304320295896896e-04	6.052427131705185e-05
3.219436826302981e-02	4.273162503634974e-04	4.982510201159048e-05
3.300682534051563e-02	3.041317229798068e-04	4.147682328118907e-05
3.383978558480889e-02	1.901553896185654e-04	3.321805560313876e-05
3.469376641382713e-02	1.494316912514849e-04	2.941150714814843e-05
3.556929830304646e-02	2.694732809095470e-04	3.391852864884606e-05
3.646692511502214e-02	2.459673476294820e-04	3.251300296811661e-05
3.738720443722484e-02	3.267668646201593e-04	3.554742345091457e-05
3.833070792840265e-02	3.938770508054697e-04	3.702076949709409e-05
3.929802167368381e-02	3.308656885773054e-04	3.366298556959303e-05
4.028974654864090e-02	4.208209913562577e-04	3.572577617222085e-05
4.130649859254240e-02	3.303821639045881e-04	3.233325893509266e-05
4.234890939102380e-02	3.156978925424678e-04	3.061535685808534e-05
4.341762646841568e-02	2.842965638906611e-04	2.763647617896228e-05
4.451331368997262e-02	1.567700355974325e-04	2.136079356639746e-05
4.563665167425277e-02	1.386052127858562e-04	1.979730689807798e-05
4.678833821590421e-02	9.123828337400030e-05	1.633466834023356e-05
4.796908871912077e-02	3.853773158770323e-05	1.181659964005013e-05
4.917963664203651e-02	2.859512442278418e-05	1.189381784261495e-05
5.042073395233494e-02	3.053738849375210e-05	1.157715334476310e-05
5.169315159435606e-02	2.234270327873649e-05	1.182659850751051e-05
5.299767996799123e-02	4.912489370666453e-05	1.131597348293792e-05
5.433512941966346e-02	5.904954290946370e-05	1.146479505466484e-05
5.570633074569808e-02	7.746016321401349e-05	1.209014726309869e-05
5.711213570839653e-02	5.685788669699937e-05	1.044560086717087e-05
5.855341756513362e-02	4.969717586777326e-05	9.805253510296997e-06
6.003107161080734e-02	3.258796597475010e-05	8.272908036046063e-06
6.154601573397767e-02	1.943470327790109e-05	7.408116073495173e-06
6.309919098704034e-02	1.214852287515400e-05	6.214266142225780e-06
6.469156217078928e-02	1.199228803517814e-05	5.898124029518713e-06
6.632411843373132e-02	1.516181061856958e-05	5.334186525395946e-06
6.799787388652495e-02	8.687741145656574e-06	4.802185690131048e-06
6.971386823192530e-02	1.983596737025269e-05	5.351047100998200e-06
7.147316741062616e-02	1.867223287233776e-05	4.849304215836413e-06
7.327686426340072e-02	1.138528005368084e-05	4.197861534552966e-06
7.512607920995190e-02	8.280750378162286e-06	4.066153210822119e-06
7.702196094489425e-02	6.287190081109056e-06	3.767368038493484e-06
7.896568715129959e-02	7.874431287391871e-06	3.244587220230972e-06
8.095846523224980e-02	6.426534039921279e-06	2.930017435923171e-06
8.300153306085085e-02	-8.396564720245218e-08	2.816941987000107e-06
8.509615974917449e-02	3.522835014126366e-06	2.693610087453826e-06
8.724364643660465e-02	5.018617320371792e-06	2.518562470992621e-06
8.944532709807881e-02	4.202102312900511e-06	2.383087145699429e-06
9.170256937272592e-02	1.441470890530763e-06	2.173860926826317e-06
9.401677541341603e-02	1.928664947928875e-06	2.144190020204094e-06
9.638938275774900e-02	1.635118357086197e-06	1.929212292445751e-06
9.882186522102354e-02	1.438372178152057e-06	2.043057376559088e-06
1.013157338117413e-01	3.136026698175388e-06	2.148886685386419e-06
1.038725376702144e-01	2.249045209305882e-06	3.007229446052741e-06
1.064938650308599e-01	5.127454017569770e-06	4.258317295887826e-06
1.091813442087787e-01	2.299777189184941e-06	2.172749843527136e-06
1.119366446112315e-01	1.662077472794148e-06	1.606934561367557e-06
1.147614777746405e-01	2.644395212792812e-06	1.646128590614515e-06
1.176575984277613e-01	3.862734207119868e-07	1.648490476442647e-06
1.206268055816843e-01	1.861261868239266e-06	1.573976883686364e-06
1.236709436473437e-01	-3.486724095282785e-07	1.711483579958417e-06
1.267919035812280e-01	1.698446781622522e-06	1.591484168209030e-06
1.299916240600039e-01	1.817911415698146e-06	1.480906942390892e-06
1.332720926847822e-01	6.894906923891368e-07	1.506478606145941e-06
1.366353472157754e-01	9.022078776341266e-07	1.362711288215755e-06
1.400834768381127e-01	2.482401103113223e-07	1.363569239595216e-06
1.436186234595993e-01	2.209970691436382e-06	1.308815939758677e-06
1.472429830412257e-01	6.141150312172600e-07	1.227293501318056e-06
1.509588069612541e-01	2.211893302435981e-06	1.229612343882025e-06
1.547684034137283e-01	-1.327472097264085e-07	1.229083042021967e-06
1.586741388422772e-01	8.353408652915970e-07	1.202903343706831e-06
1.626784394101009e-01	-7.065822687378377e-08	1.105942572326411e-06
1.667837925070542e-01	5.070512534487748e-08	1.219089610060616e-06
1.709927482947622e-01	9.682758931339593e-07	1.128422642213974e-06
1.753079212907288e-01	1.594512318647718e-06	1.099177117020537e-06
1.797319919924217e-01	-5.544379402177764e-07	1.175217527010682e-06
1.842677085423424e-01	5.274238650866518e-07	1.103196252509208e-06
1.889178884351169e-01	1.232400492197757e-06	1.086149436356666e-06
1.936854202676656e-01	1.088603218384467e-06	1.108294101913444e-06
1.985732655335404e-01	1.021740675676558e-06	1.147460330063795e-06
2.035844604625448e-01	-1.707960046599469e-06	1.263080259289994e-06
2.087221179067776e-01	5.730820597951861e-07	1.307261191769309e-06
2.139894292742730e-01	1.976270003853120e-06	1.447632028737539e-06
2.193896665114386e-01	6.022383096538205e-07	1.359739475315512e-06
2.249261841355212e-01	-2.019610142289966e-06	1.390944007952046e-06
2.306024213183652e-01	1.935999415655192e-06	1.473946219359263e-06
2.364219040227555e-01	1.148761662232429e-06	1.280752152782299e-06
2.423882471926738e-01	1.181821738804381e-06	1.585928705836609e-06
2.485051569988281e-01	6.870844632613470e-07	1.636662239658329e-06
2.547764331408505e-01	-7.931330271838762e-07	1.566809990365759e-06
2.612059712075930e-01	1.117035022160986e-06	1.649741062083946e-06
2.677977650969878e-01	8.335180851393852e-07	1.539523680831361e-06
2.745559094969754e-01	1.943523877850134e-06	1.546310389209234e-06
2.814846024290411e-01	-1.146727897102125e-06	1.781386225323969e-06
2.885881478559404e-01	2.212028940755839e-06	1.574477896994311e-06
2.958709583552329e-01	-2.832306596309341e-07	1.855585546619062e-06
3.033375578602855e-01	-2.216125956058242e-06	1.701075426657360e-06
3.109925844704478e-01	3.853303518428617e-06	1.951016751880485e-06
3.188407933321440e-01	1.222612742916914e-06	1.579391387010691e-06
3.268870595926739e-01	2.604234730471398e-07	1.519533966005567e-06
3.335400274002214e-01	3.015651280766294e-07	2.111319569829867e-06
