3.003979275467553e-02	1.556158039398625e-03	2.639778255684426e-04
3.079646808262219e-02	9.887741955436201e-04	2.082797040052363e-04
3.157220338067580e-02	6.412716369290178e-04	1.368494745753133e-04
3.236747875231942e-02	4.684884960915989e-04	1.047600228747069e-04
3.318278639441045e-02	1.000339422353527e-04	5.693922987339016e-05
3.401863090180195e-02	9.756285612576778e-05	5.064047968513470e-05
3.487552957963690e-02	1.475407531140648e-04	5.196067801462960e-05
3.575401276350899e-02	1.615711638833652e-04	4.712856504271954e-05
3.665462414768795e-02	1.135064202715635e-04	3.812108511176761e-05
3.757792112161253e-02	1.890700965490910e-04	4.173809451798118e-05
3.852447511485951e-02	9.535547615501983e-05	3.185031756414894e-05
3.949487195080213e-02	2.285515358079068e-04	3.879844398290382e-05
4.048971220917686e-02	2.049624279291555e-04	3.597641767047172e-05
4.150961159778287e-02	2.190679527618737e-04	3.423930148960186e-05
4.255520133354435e-02	1.693843921807950e-04	2.973321447841054e-05
4.362712853317138e-02	1.755145285167552e-04	2.757693704350597e-05
4.472605661366124e-02	1.577530805302645e-04	2.451957888920349e-05
4.585266570288792e-02	4.807871507300283e-05	1.574778560235989e-05
4.700765306053409e-02	1.015508463562037e-04	1.839554849872644e-05
4.819173350962594e-02	6.159767552534770e-05	1.419637491883168e-05
4.940563987893798e-02	3.521065457143466e-05	1.105170919847012e-05
5.065012345654160e-02	3.769668025453148e-05	1.013203885106688e-05
5.192595445477818e-02	1.611302328824848e-05	8.092862871998259e-06
5.323392248694435e-02	2.873771247253077e-05	8.571279694413659e-06
5.457483705598466e-02	3.142091259608785e-05	8.683567585632661e-06
5.594952805549381e-02	3.308731844129011e-05	8.488567514513377e-06
5.735884628333885e-02	2.689585109984085e-05	7.479337657556032e-06
5.880366396821893e-02	3.598764684510514e-05	8.010368970725830e-06
6.028487530948864e-02	2.864306822711531e-05	6.998275572193901e-06
6.180339703057910e-02	2.204213985402775e-05	5.910053238433954e-06
6.336016894635912e-02	1.899769639207949e-05	5.075566990092155e-06
6.495615454478773e-02	1.357493995604060e-05	4.692647476689896e-06
6.659234158321800e-02	8.495111302876374e-06	3.817529335066781e-06
6.826974269972119e-02	8.527398044806349e-06	3.858201476508769e-06
6.998939603980975e-02	1.128718511072071e-05	3.957075988621804e-06
7.175236589894662e-02	6.362268351624112e-06	3.237113701945297e-06
7.355974338123913e-02	7.049069983418822e-06	2.950285131346586e-06
7.541264707472445e-02	8.772196156915702e-06	3.189279789253977e-06
7.731222374366506e-02	3.366223265053865e-06	2.640247946696492e-06
7.925964903828259e-02	2.867022920956051e-06	2.240484704439093e-06
8.125612822236901e-02	1.721195387484028e-06	1.924025153097577e-06
8.330289691922585e-02	5.385827564562382e-06	2.104232745975598e-06
8.540122187639292e-02	6.308627828420103e-07	1.665473687972411e-06
8.755240174963980e-02	3.467162157512625e-06	1.796144663941879e-06
8.975776790670542e-02	3.502924435131879e-06	1.716071844420297e-06
9.201868525128315e-02	3.483942360109192e-06	1.682245886477624e-06
9.433655306776129e-02	6.245172807669737e-07	1.378681083746029e-06
9.671280588724172e-02	1.746039896929106e-06	1.324656377179204e-06
9.914891437537303e-02	1.574081952649783e-06	1.391313095280961e-06
1.016463862425471e-01	1.830307724430735e-06	1.287401804905670e-06
1.042067671770228e-01	2.156244196802321e-06	1.288942947657584e-06
1.068316418015543e-01	-4.893915884742990e-07	1.288991117180366e-06
1.095226346541162e-01	-9.304194319445604e-07	1.337923998512388e-06
1.122814111933314e-01	-2.097255360238486e-07	1.392290158733371e-06
1.151096788292259e-01	1.882174414183207e-06	1.326084283233397e-06
1.180091879799468e-01	-6.040522439913413e-07	1.098675749480208e-06
1.209817331550977e-01	3.165959082219379e-07	1.147451926176446e-06
1.240291540663635e-01	2.177886809785719e-06	1.263891262653360e-06
1.271533367661095e-01	1.405919416772807e-06	1.120288838952740e-06
1.303562148146617e-01	9.087298096961438e-07	1.135501778959717e-06
1.336397704769896e-01	1.603916349452394e-06	1.063312715378211e-06
1.370060359495319e-01	7.910879964638504e-07	9.822768156979329e-07
1.404570946179260e-01	3.135992786363440e-06	1.202609401412564e-06
1.439950823464170e-01	7.743298635737565e-07	9.810505072520664e-07
1.476221887997471e-01	7.586580535595479e-07	9.940521731282899e-07
1.513406587983414e-01	-1.627069127400745e-06	7.869017292844582e-07
1.551527937076302e-01	1.316255844378021e-06	9.735680571337926e-07
1.590609528623663e-01	4.411975497725242e-08	8.755563618179118e-07
1.630675550268205e-01	3.654131819036951e-07	8.715780918684130e-07
1.671750798917574e-01	-4.706410423118016e-07	8.156839038967077e-07
1.713860696091188e-01	9.187064111898547e-07	9.039114671352000e-07
1.757031303653647e-01	4.514091831384639e-06	1.063860894423472e-06
1.801289339944451e-01	1.926390988488198e-06	8.843579122246282e-07
1.846662196314013e-01	-1.573962817440376e-08	7.724994788193034e-07
1.893177954076194e-01	-2.201863816806630e-07	7.615453901801226e-07
1.940865401887864e-01	-4.941572058965729e-07	7.451444257203102e-07
1.989754053566237e-01	-8.343715564997423e-08	8.079341570417324e-07
2.039874166355001e-01	-3.148459060017198e-07	7.562664844878274e-07
2.091256759650567e-01	1.350484441996052e-06	9.298664632248584e-07
2.143933634200008e-01	-4.392508819995217e-07	8.983288992872590e-07
2.197937391782579e-01	2.325700758894616e-06	1.051930611389963e-06
2.253301455386995e-01	8.101110320753230e-07	1.040932431648116e-06
2.310060089896957e-01	2.087792613558344e-06	1.173346914860277e-06
2.368248423297733e-01	1.631431930797985e-06	1.244918604202870e-06
2.427902468416904e-01	-1.093357667072200e-06	9.422089266640518e-07
2.489059145212750e-01	3.055096875338151e-07	1.153809830893003e-06
2.551756303624049e-01	-6.200161761538992e-07	1.146998126963235e-06
2.616032746995455e-01	1.605933252538894e-06	1.528732516887197e-06
2.681928256092930e-01	6.744894773224749e-07	1.380406809951690e-06
2.749483613724107e-01	1.065372115905569e-06	1.370926349371446e-06
2.818740629978816e-01	-6.869805330754533e-07	1.110082788877714e-06
2.889742168105401e-01	-1.747537157737336e-06	1.081368468693702e-06
2.962532171038830e-01	2.012532035935176e-07	1.339275420068937e-06
3.037155688597034e-01	-1.802724844113590e-07	1.187027324182667e-06
3.113658905362288e-01	-6.643522977816637e-07	1.012854864852276e-06
3.192089169264902e-01	1.121264274039521e-06	1.798467999994520e-06
3.272495020886917e-01	2.731117923576946e-06	1.830613181499592e-06
3.337197647038554e-01	-2.706166319019933e-06	2.254386768877310e-07
