6.531919544562967e-03	7.544991729444892e-01	1.141129348628146e-01
6.696368015414695e-03	7.077970985192534e-01	5.550997463817068e-02
6.864956662730782e-03	7.045407490234005e-01	4.982113758990754e-02
7.037789720141779e-03	6.150085255913238e-01	3.974126205482946e-02
7.214974045477919e-03	5.945197895660859e-01	3.631534906657223e-02
7.396619186836307e-03	6.973333503038522e-01	3.588213463735006e-02
7.582837450311439e-03	6.271911565399229e-01	3.042713894643958e-02
7.773743969430908e-03	6.837014278610697e-01	3.003512427903912e-02
7.969456776339234e-03	7.040870216772680e-01	2.821054732712629e-02
8.170096874773825e-03	6.929242349829741e-01	2.605843138813801e-02
8.375788314878195e-03	6.704248220864198e-01	2.407145062646448e-02
8.586658269898694e-03	6.811210756243475e-01	2.272020457691968e-02
8.802837114812140e-03	7.089026555204037e-01	2.190004860369971e-02
9.024458506933033e-03	7.147498812622337e-01	2.090958022031411e-02
9.251659468550099e-03	7.288390447263164e-01	1.997957900071427e-02
9.484580471643345e-03	7.539215447303164e-01	1.942653742759514e-02
9.723365524733935e-03	7.049956607160884e-01	1.755746737208996e-02
9.968162261920613e-03	7.282557131736902e-01	1.715319876799427e-02
1.021912203415774e-02	7.428547548563366e-01	1.646029837893034e-02
1.047640000283133e-02	6.746390467163500e-01	1.490701811814707e-02
1.074015523569097e-02	6.439314870454879e-01	1.375236584018702e-02
1.101055080519698e-02	6.018464928593641e-01	1.591180996102147e-02
1.128775388934352e-02	6.321555492469795e-01	1.815825761090131e-02
1.157193587502005e-02	5.469624455657958e-01	1.491045436414943e-02
1.186327246397502e-02	5.025112811194296e-01	1.367008640723342e-02
1.216194378144739e-02	4.514129576526046e-01	1.232049917669481e-02
1.246813448753294e-02	4.078611555768628e-01	1.079253940881327e-02
1.278203389135446e-02	3.560949973613582e-01	9.494049460469233e-03
1.310383606810630e-02	2.894040976018775e-01	7.949974169174003e-03
1.343373997904555e-02	2.526852466988815e-01	6.920962974955650e-03
1.377194959450424e-02	1.938300297973272e-01	5.641290498729846e-03
1.411867401999850e-02	1.567734652155146e-01	4.763828230501851e-03
1.447412762551258e-02	1.197635508695159e-01	3.920752405660127e-03
1.483853017803783e-02	9.398120851455204e-02	3.269021318277410e-03
1.521210697744846e-02	7.282917702599824e-02	2.742851681625997e-03
1.559508899579812e-02	4.969936228960498e-02	2.093568724514167e-03
1.598771302012346e-02	3.492790711444913e-02	1.677291280505707e-03
1.639022179884288e-02	2.626570277627737e-02	1.384149241989314e-03
1.680286419184112e-02	1.904022314597418e-02	1.123341612317582e-03
1.722589532433227e-02	1.386651131539186e-02	9.239421182030247e-04
1.765957674459660e-02	1.231404953677647e-02	8.196556430095473e-04
1.810417658568848e-02	1.008581596163810e-02	7.108008574688544e-04
1.855996973121556e-02	1.045596933587789e-02	6.984442881938894e-04
1.902723798529155e-02	8.368349881245195e-03	5.948120153555455e-04
1.950627024676783e-02	7.187195187471054e-03	5.320541418078383e-04
1.999736268785150e-02	6.020248296158567e-03	4.722270888965134e-04
2.050081893722033e-02	6.230659104130812e-03	4.625670869023593e-04
2.101695026774786e-02	4.981945523807834e-03	3.983172282573445e-04
2.154607578895469e-02	3.966121929017117e-03	3.455170530697705e-04
2.208852264430495e-02	3.858550323910783e-03	3.289298172941284e-04
2.264462621346990e-02	2.880499879524798e-03	2.764231036044112e-04
2.321473031968379e-02	2.633116852546788e-03	2.600617066630690e-04
2.379918744232012e-02	1.943057710110078e-03	2.215143736923071e-04
2.439835893481973e-02	1.812680020299312e-03	2.107288395460722e-04
2.501261524810554e-02	1.378590568354256e-03	1.873613249648876e-04
2.564233615962188e-02	1.116074116245151e-03	1.688718248224758e-04
2.628791100814031e-02	1.465846028723077e-03	1.881183212170133e-04
2.694973893447682e-02	1.234872228210673e-03	1.750468249942635e-04
2.762822912826939e-02	7.317921397867481e-04	1.396401117034782e-04
2.832380108096850e-02	8.117802987435085e-04	1.419437184642625e-04
2.903688484519687e-02	8.049675266644998e-04	1.406770642723228e-04
2.976792130063898e-02	8.265849095819832e-04	1.380684449133275e-04
3.051736242662460e-02	5.738230014473454e-04	1.142433832905487e-04
3.128567158157488e-02	5.583474544525964e-04	1.098697349641886e-04
3.207332378948395e-02	5.666319585940576e-04	1.079261523109770e-04
3.288080603361283e-02	5.536437838911780e-04	1.072664372860461e-04
3.370861755757761e-02	3.816226510209423e-04	9.104537238111621e-05
3.455727017401768e-02	2.915066677147179e-04	8.162931503031626e-05
3.542728858103519e-02	1.681613011850595e-04	6.653170176068357e-05
3.631921068660118e-02	3.527184282206262e-04	8.975158679449882e-05
3.723358794112888e-02	2.221300258590782e-04	7.380007568026833e-05
3.817098567842016e-02	1.614650924364031e-04	6.596547179633253e-05
3.913198346519549e-02	1.554315449711282e-04	6.544281573586724e-05
4.011717545942375e-02	1.551095842595493e-04	6.631203737002327e-05
4.112717077767351e-02	1.826987898836529e-04	7.294852018700681e-05
4.216259387171269e-02	1.965111842864279e-04	7.012124463348827e-05
4.322408491458951e-02	6.416948108532368e-05	5.499840499099911e-05
4.431230019643360e-02	6.409907969223165e-05	4.675091833558824e-05
4.542791253022174e-02	1.091819068730752e-04	6.643720630310451e-05
4.657161166775926e-02	-7.156349056979314e-05	3.819783543862914e-05
4.774410472613418e-02	6.039354666578769e-05	6.053630172500446e-05
4.894611662490794e-02	8.507231494975290e-05	6.647584458058260e-05
5.017839053431278e-02	3.846084237130251e-05	6.786580111430711e-05
5.144168833473306e-02	4.665518030974054e-05	7.989337686187424e-05
5.273679108775451e-02	6.515082818783190e-06	7.849176506804286e-05
5.406449951907270e-02	-9.978643961330268e-05	4.154158971114275e-05
5.542563451355929e-02	6.805267484314476e-06	7.575772185949769e-05
5.682103762279209e-02	-7.513002217616644e-05	6.655122481563607e-05
5.825157158536280e-02	9.423007498761502e-05	8.795666596103135e-05
5.971812086028409e-02	-6.973975319567496e-05	5.437860711115916e-05
6.122159217382574e-02	8.134985833774914e-05	1.011235898209675e-04
6.276291508011812e-02	5.939259124152650e-05	1.011841654616365e-04
6.434304253586941e-02	-7.515695335431073e-05	6.805631231063673e-05
6.596295148955195e-02	1.550654484647691e-04	1.225665998327217e-04
6.762364348542210e-02	-5.951999696954227e-05	7.614914829473796e-06
6.932614528274701e-02	-4.327266168391287e-05	6.782484419609982e-06
7.107150949062097e-02	6.398103276404060e-05	1.142413333085927e-04
7.250423457987221e-02	-6.336686406541873e-05	1.094053339440918e-05
