3.003969672579178e-02	5.655561312628216e-04	1.870811407047694e-04
3.079617515883042e-02	6.379267144544637e-04	2.065394567381168e-04
3.157170370495364e-02	2.409435894508295e-04	1.149539004121808e-04
3.236676209602513e-02	5.404894646230748e-04	1.419045075756953e-04
3.318184214481647e-02	4.227969979673358e-04	1.230713982001304e-04
3.401744804923609e-02	3.388983533681731e-04	9.633624039671060e-05
3.487409670421952e-02	2.724761114588667e-04	7.931764407426330e-05
3.575231802147387e-02	2.056362916306404e-04	6.150510896693449e-05
3.665265525727434e-02	1.762807124770350e-04	5.397359814282877e-05
3.757566534851545e-02	1.375141953983113e-04	4.480705594107317e-05
3.852191925722498e-02	3.022047080663571e-04	6.202462848193780e-05
3.949200232375363e-02	1.513330876443853e-04	4.194362313671295e-05
4.048651462885894e-02	1.083267313411488e-04	3.284721570877460e-05
4.150607136490744e-02	1.315571378196445e-04	3.420988625031441e-05
4.255130321642466e-02	1.288368922423136e-04	3.291638692304047e-05
4.362285675022834e-02	1.315456014548748e-04	3.076405465851109e-05
4.472139481538626e-02	1.327356685358923e-04	2.941150808591261e-05
4.584759695324603e-02	3.897511997966265e-05	1.589103593193071e-05
4.700215981779055e-02	7.511257210628743e-05	2.053825907281546e-05
4.818579760657907e-02	9.420251454388512e-05	2.167576157183852e-05
4.939924250254053e-02	6.448781838269308e-05	1.732308835129196e-05
5.064324512689235e-02	6.109653910523413e-05	1.577153407068839e-05
5.191857500346499e-02	5.196112242521449e-05	1.522441901627522e-05
5.322602103471932e-02	4.373504567761658e-05	1.259111602532136e-05
5.456639198975149e-02	7.619407734874616e-05	1.614006528127695e-05
5.594051700458688e-02	3.743440560568058e-05	1.125515293966141e-05
5.734924609507293e-02	3.833097033342963e-05	1.072185792541113e-05
5.879345068268781e-02	2.801887135978799e-05	9.123310258495628e-06
6.027402413359045e-02	1.627444990692787e-05	6.463734669315783e-06
6.179188231124522e-02	2.448981402455201e-05	7.494520479696503e-06
6.334796414296306e-02	1.946046671362852e-05	6.994187862408710e-06
6.494323220070988e-02	3.196521222099165e-05	7.949205636158275e-06
6.657867329654081e-02	1.303195968089545e-05	5.673395272028002e-06
6.825529909302949e-02	2.099095588923692e-05	6.185643785117574e-06
6.997414672906926e-02	1.881856645533892e-05	5.881618542180589e-06
7.173627946143382e-02	1.176607231471837e-05	4.580834606956242e-06
7.354278732249404e-02	1.183183879428323e-05	4.529910012710650e-06
7.539478779449775e-02	1.114379276645254e-05	4.245631515753437e-06
7.729342650082974e-02	9.761116501311228e-06	3.556814254939911e-06
7.923987791467950e-02	4.626073665921179e-06	2.847956992830810e-06
8.123534608555499e-02	1.014991667871252e-05	3.248858250120786e-06
8.328106538409204e-02	8.583565130651181e-06	2.905341830530159e-06
8.537830126561993e-02	1.772878814327387e-06	2.245255791084206e-06
8.752835105295563e-02	5.660349899646740e-06	2.356122483994089e-06
8.973254473891072e-02	6.741961001881214e-06	2.481597402990263e-06
9.199224580900772e-02	1.819735647551873e-06	1.718704991297583e-06
9.430885208491444e-02	1.321071461552813e-06	1.928992315364138e-06
9.668379658911827e-02	4.398259298704264e-06	1.926814859895853e-06
9.911854843137527e-02	3.195176135744450e-06	1.797302356999522e-06
1.016146137174823e-01	2.883404635683346e-06	1.753422133330243e-06
1.041735364809344e-01	2.315351294765343e-06	1.651574655731162e-06
1.067968996380441e-01	5.249294310830142e-10	1.419269182368351e-06
1.094863259671125e-01	3.245466531469014e-06	1.603096321333144e-06
1.122434791122589e-01	1.525629792395026e-06	1.445524558526579e-06
1.150700646125294e-01	1.674695149610324e-06	1.387885490252086e-06
1.179678309569214e-01	1.971863645671935e-06	1.419819913950544e-06
1.209385706659757e-01	2.988129194169160e-06	1.560930618004613e-06
1.239841214006068e-01	3.682482673047806e-06	1.616240195118479e-06
1.271063670988557e-01	2.442878175546884e-06	1.439560666027227e-06
1.303072391412695e-01	1.136012660542519e-06	1.260463784962937e-06
1.335887175456285e-01	9.847079979891110e-07	1.231592607443555e-06
1.369528321917591e-01	1.953477166737081e-06	1.429314154721521e-06
1.404016640771914e-01	1.427671612507035e-06	1.351558465881038e-06
1.439373466044367e-01	1.065209713576722e-06	1.272555012748092e-06
1.475620669006832e-01	3.846421939611942e-07	1.071528220725498e-06
1.512780671707235e-01	1.838894219649703e-07	1.044955493609650e-06
1.550876460839543e-01	3.300834570780728e-06	1.426643605673494e-06
1.589931601963026e-01	1.297641107267587e-06	1.097794193953796e-06
1.629970254079607e-01	1.961770999799087e-06	1.137190910355289e-06
1.671017184578312e-01	2.593293958531728e-06	1.279259459815887e-06
1.713097784556045e-01	6.114535871944564e-07	1.070436244194323e-06
1.756238084524195e-01	-5.243943405984082e-07	8.509087355119712e-07
1.800464770510774e-01	-9.446320074300583e-07	8.197240825650327e-07
1.845805200568040e-01	4.713961389213227e-07	1.042691214874768e-06
1.892287421695840e-01	1.932793615789356e-06	1.143594086665133e-06
1.939940187191110e-01	9.988109778001966e-08	8.600010866475335e-07
1.988792974434299e-01	2.256769026421578e-06	1.153792973738843e-06
2.038876003123686e-01	1.971089087856869e-06	1.095812357713652e-06
2.090220253968897e-01	-3.655346184999460e-07	9.103701026985865e-07
2.142857487855164e-01	-7.280265525727952e-09	1.082070538279426e-06
2.196820265490199e-01	3.426328144380335e-07	1.185275509745510e-06
2.252141967545823e-01	1.378273761684062e-08	1.078672652365556e-06
2.308856815306814e-01	9.420403494612847e-07	1.297194137958590e-06
2.366999891839749e-01	-1.295169199675863e-06	9.393933617359179e-07
2.426607163694934e-01	3.740354716587679e-06	1.878837715237810e-06
2.487715503154839e-01	1.263208376994368e-06	1.721792554478347e-06
2.550362711042818e-01	-2.682227977792743e-07	1.300566128426870e-06
2.614587540106201e-01	3.466642190682025e-06	2.080402777816889e-06
2.680429718988244e-01	2.374529677445944e-06	1.903003624439027e-06
2.747929976803746e-01	-1.491231296240924e-06	1.275176277150257e-06
2.817130068333552e-01	1.302198928868512e-06	1.977825294828168e-06
2.888072799853517e-01	3.482087224045541e-06	2.401516941061236e-06
2.960802055613908e-01	8.782275626602780e-07	1.600759150820959e-06
3.035362824985636e-01	-2.407608724188929e-07	1.617445865682223e-06
3.111801230290088e-01	-1.262734619394377e-06	1.409018928361721e-07
3.190164555329799e-01	-8.884744282591858e-07	1.315877927011145e-06
3.270501274637597e-01	1.382605681411053e-06	2.392202134874483e-06
3.336183212464942e-01	-6.721474672793522e-07	1.492622469735464e-07
