6.531822356974684e-03	5.830663838947561e-01	5.763448308853830e-02
6.696071561963170e-03	6.320385770775535e-01	5.465861684107604e-02
6.864450977460295e-03	5.002804307716018e-01	4.164604707373656e-02
7.037064461739512e-03	6.084738139727154e-01	4.057729926200386e-02
7.214018484694414e-03	5.892332186097050e-01	3.571485155526703e-02
7.395422193510540e-03	6.048496132624001e-01	3.288791093376681e-02
7.581387479988555e-03	6.199917179000430e-01	3.079878163361715e-02
7.772029049560347e-03	6.363979204488772e-01	2.901864036890461e-02
7.967464492040593e-03	6.229523807334696e-01	2.655518120943349e-02
8.167814354157445e-03	7.155151191239637e-01	2.674176164756098e-02
8.373202213907090e-03	6.708368735623634e-01	2.410978842155215e-02
8.583754756777997e-03	6.461789799607350e-01	2.218676174340672e-02
8.799601853891935e-03	7.181210079581748e-01	2.228296242400765e-02
9.020876642109902e-03	6.767733397727705e-01	2.027259547008652e-02
9.247715606152399e-03	7.359984556385432e-01	2.009274966020558e-02
9.480258662784707e-03	6.915765965718386e-01	1.854578506875710e-02
9.718649247119092e-03	7.188199584197080e-01	1.778900272874559e-02
9.963034401087149e-03	7.051622880137666e-01	1.693551027373555e-02
1.021356486413688e-02	6.570134392332497e-01	1.543428068292401e-02
1.047039516621047e-02	6.482752156370867e-01	1.464079941724403e-02
1.073368372306000e-02	6.119386870755816e-01	1.343693728665135e-02
1.100359293396007e-02	5.534714037145354e-01	1.500203024345983e-02
1.128028928187743e-02	5.593026254578484e-01	1.648770227895594e-02
1.156394343615951e-02	4.789896960243665e-01	1.353093899876708e-02
1.185473035780518e-02	4.453706392854706e-01	1.252404568841274e-02
1.215282940738255e-02	4.082446647228715e-01	1.139731073946206e-02
1.245842445566060e-02	3.478569049537463e-01	9.711197505836823e-03
1.277170399702264e-02	3.066331632102432e-01	8.532637311104409e-03
1.309286126573177e-02	2.677780331328489e-01	7.594737119955124e-03
1.342209435511986e-02	2.173070029414232e-01	6.293371480973691e-03
1.375960633977370e-02	1.728217342626233e-01	5.273061065254850e-03
1.410560540079365e-02	1.465075469240208e-01	4.582678285913263e-03
1.446030495420201e-02	1.116674409528155e-01	3.788772338873336e-03
1.482392378258037e-02	8.903042255474124e-02	3.176344967135473e-03
1.519668617001714e-02	6.861182469344657e-02	2.645448508431267e-03
1.557882204044839e-02	5.545765624574921e-02	2.233875652890887e-03
1.597056709947751e-02	4.323642059835155e-02	1.889672600363440e-03
1.637216297976097e-02	3.135188181698128e-02	1.519653617182412e-03
1.678385739005004e-02	2.629576982522519e-02	1.343560772429028e-03
1.720590426798024e-02	2.036342956320700e-02	1.120635251296165e-03
1.763856393670287e-02	1.696571517784956e-02	9.648763333897077e-04
1.808210326545520e-02	1.161045393986104e-02	7.640093216708458e-04
1.853679583416833e-02	1.072179234430018e-02	7.079305493631300e-04
1.900292210221433e-02	7.864202548285014e-03	5.782158313574667e-04
1.948076958139661e-02	7.695872115300469e-03	5.534262655295879e-04
1.997063301329042e-02	6.353395396152708e-03	4.865308318049968e-04
2.047281455104262e-02	5.465155875841807e-03	4.341181063834651e-04
2.098762394574313e-02	4.829300672469201e-03	3.953297562781460e-04
2.151537873748279e-02	3.564854641242911e-03	3.269871028423880e-04
2.205640445121553e-02	3.534818024933198e-03	3.165700754827833e-04
2.261103479754580e-02	2.769696783401522e-03	2.718759646189085e-04
2.317961187856489e-02	2.009817041315503e-03	2.288518783424652e-04
2.376248639886328e-02	1.977515334700361e-03	2.269557246513408e-04
2.436001788184909e-02	1.483900537949054e-03	1.921611675613499e-04
2.497257489150607e-02	1.666967713031510e-03	2.023149551077632e-04
2.560053525972789e-02	1.490546507132958e-03	1.914299516907674e-04
2.624428631936900e-02	1.060771097328759e-03	1.647693083552686e-04
2.690422514315586e-02	9.781056975433290e-04	1.611516673902498e-04
2.758075878860566e-02	8.571396445357971e-04	1.445206255883029e-04
2.827430454910393e-02	7.073432735281703e-04	1.374458531873530e-04
2.898529021129570e-02	5.811830838944051e-04	1.230780985012252e-04
2.971415431894894e-02	5.171069348216901e-04	1.149986011147261e-04
3.046134644345323e-02	6.625787333785799e-04	1.077300366143228e-04
3.122732746112031e-02	3.934396638705806e-04	7.943749194767497e-05
3.201256983745764e-02	4.133063233711475e-04	8.154357006470204e-05
3.281755791859035e-02	3.834700766649367e-04	7.785921570518437e-05
3.364278823001123e-02	3.646196000043228e-04	7.127368659511539e-05
3.448876978284308e-02	2.720085014699104e-04	6.171652296034513e-05
3.535602438780246e-02	1.961089385727225e-04	4.593063468111430e-05
3.624508697705814e-02	2.154585589611154e-04	4.657101902531770e-05
3.715650593418324e-02	2.074907024247802e-04	4.610134906819923e-05
3.809084343240422e-02	2.874763040754899e-04	5.255332741845860e-05
3.904867578135546e-02	1.738262928779445e-04	4.156708276516549e-05
4.003059378255341e-02	1.488527921528572e-04	3.628435253627507e-05
4.103720309380951e-02	9.740544175689140e-05	2.936052447714409e-05
4.206912460280644e-02	1.333205170546773e-04	3.220571464106522e-05
4.312699481006861e-02	1.412871036423328e-04	3.226257993989263e-05
4.421146622156260e-02	1.321808377435768e-04	3.166669742123502e-05
4.532320775117001e-02	6.971784555907078e-05	2.087793276556819e-05
4.646290513328093e-02	4.565062816201635e-05	1.657675442704217e-05
4.763126134576241e-02	9.742940701717634e-05	2.448057525514523e-05
4.882899704356296e-02	7.919327193059283e-05	2.090220857693426e-05
5.005685100322040e-02	6.639986006141706e-05	1.799762768991785e-05
5.131558057854738e-02	3.279802924808165e-05	1.283099672429281e-05
5.260596216777552e-02	6.008492859949814e-05	1.768116559035832e-05
5.392879169244641e-02	5.644329001796783e-05	1.599712873304961e-05
5.528488508834467e-02	4.145787131776458e-05	1.418130540810052e-05
5.667507880877618e-02	4.911810705135227e-05	1.410745775502760e-05
5.810023034050167e-02	1.511229928087031e-05	7.112212387433907e-06
5.956121873264392e-02	2.556717593390581e-05	8.853163337693621e-06
6.105894513889499e-02	2.140093170366101e-05	7.737745558133760e-06
6.259433337335765e-02	1.897356381502871e-05	7.278253880735097e-06
6.416833048036411e-02	3.116757041404541e-05	9.193026626393652e-06
6.578190731862334e-02	-1.883946788432839e-05	5.494525404074429e-06
6.743605916005743e-02	1.553317634600886e-05	6.606910112152183e-06
6.913180630369624e-02	1.872410390807140e-05	6.370827031845752e-06
7.087019470500899e-02	-6.878137749997463e-06	4.094102739651801e-06
7.265229662106115e-02	1.245287371314092e-05	4.756581557921357e-06
7.447921127189436e-02	9.065472481585976e-06	4.185912288833939e-06
7.635206551853740e-02	1.050182796558400e-05	4.139821414498341e-06
7.827201455806655e-02	9.717468459672262e-06	3.893675679838301e-06
8.024024263614368e-02	3.662740574912911e-06	2.467763419248438e-06
8.225796377747216e-02	1.057828135812270e-05	3.548282208420477e-06
8.432642253462047e-02	5.586392572724115e-06	2.591335518850647e-06
8.644689475567605e-02	4.510507616907077e-06	2.429604073013480e-06
8.862068837120227e-02	4.032127868618999e-06	2.331984170497561e-06
9.084914420098453e-02	5.458456285075850e-06	2.296187219986284e-06
9.313363678106247e-02	2.338443229196379e-06	1.839945123480279e-06
9.547557521155906e-02	2.979972884286563e-06	2.098502320219646e-06
9.787640402582892e-02	4.156062295571867e-06	1.934997975741450e-06
1.003376040814624e-01	1.385382438933215e-06	1.451015197250114e-06
1.028606934736949e-01	3.638670525828952e-06	1.925063192934477e-06
1.054472284717844e-01	5.092165234806052e-07	1.373750177902174e-06
1.080988044789359e-01	2.198719710356985e-06	1.601890267047609e-06
1.108170570163632e-01	2.423245008592228e-06	1.528131730623085e-06
1.136036627320967e-01	4.267461552978565e-08	1.283910513569760e-06
1.164603404351580e-01	2.417095510958108e-06	1.471955045297416e-06
1.193888521557405e-01	3.527871550004627e-06	1.623681914900822e-06
1.223910042320487e-01	1.674671328079756e-06	1.364812531277628e-06
1.254686484244678e-01	3.474196067744356e-06	1.660268693839979e-06
1.286236830577495e-01	1.430335049541211e-06	1.327817928323856e-06
1.318580541919196e-01	1.869333972799856e-06	1.351817362845569e-06
1.351737568226297e-01	1.640561403964623e-06	1.299951312744954e-06
1.385728361116915e-01	1.150208483980124e-06	1.365237911046502e-06
1.420573886485561e-01	9.937958755543006e-07	1.269820411772164e-06
1.456295637435127e-01	3.793395026037392e-07	1.144121244032565e-06
1.492915647534071e-01	2.716458030568011e-06	1.327887026788978e-06
1.530456504406962e-01	-3.067926008941978e-07	9.617654888316769e-07
1.568941363666780e-01	2.345626126088471e-06	1.359988269540612e-06
1.608393963197545e-01	2.673217678611538e-06	1.224147564745764e-06
1.648838637796110e-01	8.477853954710554e-07	1.023400141228275e-06
1.690300334182132e-01	2.012977625531597e-06	1.190328138620965e-06
1.732804626385475e-01	5.659577433163675e-07	1.006183915276650e-06
1.776377731520564e-01	-7.734033929134940e-07	8.612753762743464e-07
1.821046525957380e-01	-2.807691745220186e-07	9.417080774803494e-07
1.866838561899105e-01	4.683235595401314e-07	9.802467719520482e-07
1.913782084376620e-01	1.946307813250131e-06	1.175631787669015e-06
1.961906048670354e-01	1.813297669524114e-07	8.407876757733715e-07
2.011240138170219e-01	3.566795469492544e-06	1.362770708871054e-06
2.061814782684647e-01	2.858822262276473e-07	9.051357811795502e-07
2.113661177210036e-01	-7.516864712458865e-07	9.178242365453600e-07
2.166811301172159e-01	4.167037901884122e-07	1.169532292464083e-06
2.221297938151434e-01	-4.463376444621491e-07	9.884103280305365e-07
2.277154696104190e-01	5.677506584828458e-07	1.087927062278908e-06
2.334416028092426e-01	-2.962863579283727e-07	1.086978655183669e-06
2.393117253534839e-01	1.930472243070301e-06	1.619294615402370e-06
2.453294579992226e-01	1.686467931071038e-06	1.684198178149938e-06
2.514985125500711e-01	1.973352841283219e-06	1.725601284080333e-06
2.578226941466552e-01	1.388002369348181e-06	1.824825215709387e-06
2.643059036136669e-01	1.783246964925283e-06	1.693688466924656e-06
2.709521398659362e-01	1.027070265569699e-06	1.686597055654377e-06
2.777655023750051e-01	-1.010651290809859e-06	1.390056569558782e-06
2.847501936977269e-01	1.012383684801402e-06	1.888165148891753e-06
2.919105220684499e-01	2.971271927669293e-06	2.184700362650936e-06
2.992509040563832e-01	1.223023498523612e-06	1.897246034248936e-06
3.067758672897850e-01	-6.575800645622336e-07	1.174706624535080e-06
3.144900532486540e-01	-1.520847038100940e-06	2.593956701145418e-07
3.223982201276446e-01	1.572269505238753e-06	2.124451369371293e-06
3.312605658488085e-01	-4.911784983202214e-07	1.389085588339233e-06
