6.532015878499265e-03	4.309191406743352e-01	4.881249433258918e-02
6.696661870732718e-03	5.950811815370384e-01	4.330849385538015e-02
6.865457929846407e-03	4.949597581140603e-01	3.455449274134685e-02
7.038508662426115e-03	4.688890270765738e-01	2.930160362268275e-02
7.215921311771227e-03	4.978425600535656e-01	2.770572055001425e-02
7.397805824355733e-03	4.573215524244897e-01	2.382994659322859e-02
7.584274917964443e-03	4.861131969331101e-01	2.250251020001090e-02
7.775444151546655e-03	5.223228229346680e-01	2.177906432495308e-02
7.971431996830539e-03	5.141240893944954e-01	2.007213257405097e-02
8.172359911742651e-03	5.512049944734339e-01	1.944354513092100e-02
8.378352415678036e-03	5.520976353733620e-01	1.832532569641022e-02
8.589537166667615e-03	5.668034007187821e-01	1.725190598507540e-02
8.806045040490639e-03	5.867418571148818e-01	1.664524131453420e-02
9.028010211781245e-03	5.991380219777489e-01	1.596080455532433e-02
9.255570237179402e-03	6.086169054759980e-01	1.523386723501572e-02
9.488866140577746e-03	6.195340058581580e-01	1.461777228357798e-02
9.728042500517150e-03	5.832032850584656e-01	1.328160377413512e-02
9.973247539785185e-03	5.424875198309423e-01	1.226148194418008e-02
1.022463321727301e-02	4.490617641747789e-01	1.048338900044013e-02
1.048235532214759e-02	3.718067668577448e-01	9.025709675412380e-03
1.074657357039764e-02	3.234605573009650e-01	7.917279666762790e-03
1.101745170381309e-02	2.870504221210499e-01	8.493907015420113e-03
1.129515759145940e-02	2.624331360486162e-01	8.657688329327340e-03
1.157986333370973e-02	2.085700814488969e-01	6.751307588425199e-03
1.187174536889921e-02	1.614607190036518e-01	5.530298763966371e-03
1.217098458266769e-02	1.437833423838386e-01	4.952550890332894e-03
1.247776642005841e-02	1.173310688147454e-01	4.178244459287306e-03
1.279228100044240e-02	9.082811362335355e-02	3.436851284535636e-03
1.311472323533955e-02	7.817006664963828e-02	3.048580523140929e-03
1.344529294920952e-02	6.352498763077519e-02	2.577275155724507e-03
1.378419500328729e-02	5.596930989723082e-02	2.312543063449453e-03
1.413163942254015e-02	4.471617687534692e-02	1.970192202569396e-03
1.448784152582470e-02	3.651692379398860e-02	1.705403758136411e-03
1.485302205932464e-02	3.384588021319589e-02	1.558228130309186e-03
1.522740733335198e-02	2.875137099204912e-02	1.370656972619294e-03
1.561122936259645e-02	2.229432294536944e-02	1.140124354758970e-03
1.600472600991005e-02	2.057889436813918e-02	1.053785439343788e-03
1.640814113371585e-02	1.814963862962056e-02	9.452182691731792e-04
1.682172473913229e-02	1.591647558493705e-02	8.502987894008974e-04
1.724573313290685e-02	1.454238496528291e-02	7.740807892420268e-04
1.768042908225490e-02	1.273588392487185e-02	6.884959185865782e-04
1.812608197770222e-02	1.288149575699115e-02	6.665476137382063e-04
1.858296800003218e-02	1.087133186786716e-02	5.855082151326685e-04
1.905137029144099e-02	9.526529991358017e-03	5.258658323466002e-04
1.953157913100706e-02	8.285712803602123e-03	4.715570140014654e-04
2.002389211458322e-02	7.504387402991651e-03	4.347553181158915e-04
2.052861433922340e-02	7.765009627809687e-03	4.264976812811975e-04
2.104605859225787e-02	6.521893687197512e-03	3.767035944638315e-04
2.157654554513432e-02	6.047655372500123e-03	3.498454201252772e-04
2.212040395214498e-02	5.120969999451505e-03	3.137344939294562e-04
2.267797085416274e-02	4.760636514686433e-03	2.917924730586437e-04
2.324959178751277e-02	4.471662872344299e-03	2.813857741278264e-04
2.383562099810882e-02	4.336014209980594e-03	2.709481316122949e-04
2.443642166098715e-02	3.347930437583405e-03	2.350577437084516e-04
2.505236610537399e-02	3.123124473494482e-03	2.232770437494910e-04
2.568383604542605e-02	2.788397011688997e-03	2.106040536123364e-04
2.633122281678706e-02	2.918940008578022e-03	2.158619392623155e-04
2.699492761910700e-02	2.755239014199632e-03	2.110030596055412e-04
2.767536176467421e-02	2.722204770093306e-03	2.061808542198646e-04
2.837294693331458e-02	2.345669592335909e-03	1.870346441147429e-04
2.908811543371571e-02	2.037664749640600e-03	1.733373511458376e-04
2.982131047133795e-02	1.880932790894838e-03	1.636372824186730e-04
3.057298642307849e-02	1.917608729306345e-03	1.416940643217074e-04
3.134360911885861e-02	1.717549512918865e-03	1.311042891619307e-04
3.213365613030856e-02	1.582742500103312e-03	1.185440904997296e-04
3.294361706672912e-02	1.459961375579348e-03	1.090656618583373e-04
3.377399387851309e-02	1.243883195619056e-03	9.737093139624621e-05
3.462530116821489e-02	1.084157391927906e-03	8.779073113584471e-05
3.549806650946091e-02	1.133773220324998e-03	8.622004044399755e-05
3.639283077389839e-02	9.385316052660901e-04	7.501645837633839e-05
3.731014846638528e-02	9.004231538288972e-04	7.170969889120534e-05
3.825058806862898e-02	9.452420429881924e-04	7.150480979920326e-05
3.921473239148685e-02	7.640856158273305e-04	6.214684850908957e-05
4.020317893614667e-02	7.193260437361556e-04	5.814079768118075e-05
4.121654026441118e-02	6.881512060223652e-04	5.516621135198488e-05
4.225544437831592e-02	6.658933832795615e-04	5.293162647231567e-05
4.332053510931575e-02	6.796079074360417e-04	5.287678973718873e-05
4.441247251728116e-02	4.764385488174366e-04	4.245926537334050e-05
4.553193329955176e-02	5.257065642100609e-04	4.316686499437282e-05
4.667961121030026e-02	5.259430378490120e-04	4.271072901872591e-05
4.785621749046708e-02	4.574658550970938e-04	3.891219007166299e-05
4.906248130853180e-02	3.980846593046863e-04	3.513768018605558e-05
5.029915021239465e-02	4.435409000387911e-04	3.617672562255716e-05
5.156699059264827e-02	4.247726865276531e-04	3.642656705941876e-05
5.286678815752657e-02	3.803027849964763e-04	3.247943238971023e-05
5.419934841982518e-02	3.510742894815666e-04	3.048912114378752e-05
5.556549719609530e-02	2.739989213085287e-04	2.555327698755322e-05
5.696608111842008e-02	3.020822629283842e-04	2.603890993602209e-05
5.840196815909098e-02	2.672670851294600e-04	2.400363749174301e-05
5.987404816850903e-02	2.818197538773948e-04	2.415675411787789e-05
6.138323342664446e-02	2.448868785788514e-04	2.148661163164820e-05
6.293045920839646e-02	2.030475325410867e-04	1.841948743705960e-05
6.451668436320329e-02	2.231638371647946e-04	1.877626972298386e-05
6.614289190926220e-02	2.326781872572963e-04	1.863292290770062e-05
6.781008964272706e-02	1.768234932328952e-04	1.539672911640698e-05
6.951931076226164e-02	1.738926315361992e-04	1.493521453432832e-05
7.127161450933521e-02	1.416907130140077e-04	1.272215769692103e-05
7.306808682465751e-02	1.603101622184231e-04	1.338811272300903e-05
7.490984102115983e-02	1.332024815310621e-04	1.149044814957534e-05
7.679801847393919e-02	1.025929372670342e-04	9.619560836255990e-06
7.873378932759328e-02	1.087043948373555e-04	9.606268986763684e-06
8.071835322138460e-02	9.784429700795941e-05	8.596212709691708e-06
8.275294003268283e-02	8.212478465655367e-05	7.561112292511325e-06
8.483881063914664e-02	8.485018143407276e-05	7.473304328848399e-06
8.697725770011697e-02	6.412803267484343e-05	6.203058850331653e-06
8.916960645770611e-02	6.150378971143364e-05	5.840097291274945e-06
9.141721555807905e-02	5.285943260236095e-05	5.294878408861456e-06
9.372147789343599e-02	5.077010346753907e-05	5.003281897031299e-06
9.608382146521793e-02	4.360541313434894e-05	4.507076001634286e-06
9.850571026907021e-02	4.201406375511917e-05	4.237013089640136e-06
1.009886452021124e-01	3.972993297799935e-05	4.142514199113408e-06
1.035341649930769e-01	3.735866681436207e-05	4.205181069690570e-06
1.061438471558923e-01	3.532829944802790e-05	4.644306134095367e-06
1.088193089673038e-01	2.314799359307993e-05	3.813587495802636e-06
1.115622084691336e-01	2.155389816353118e-05	2.811853100045605e-06
1.143742454958066e-01	1.635350962357116e-05	2.486657331891978e-06
1.172571627277739e-01	1.553977438945736e-05	2.379629251596728e-06
1.202127467714902e-01	1.558031282420727e-05	2.438216274089001e-06
1.232428292666124e-01	1.079595215119564e-05	2.263085608134973e-06
1.263492880211066e-01	9.042377874861543e-06	1.958234370840895e-06
1.295340481749666e-01	8.918925660161462e-06	1.925320570672543e-06
1.327990833932648e-01	6.297126415506682e-06	1.781934490447386e-06
1.361464170892754e-01	6.301001590960354e-06	1.642759555371471e-06
1.395781236784277e-01	2.303251529512481e-06	1.370750510960126e-06
1.430963298638661e-01	3.026847717797159e-06	1.392537639854644e-06
1.467032159544147e-01	2.906174681832283e-06	1.351885509755126e-06
1.504010172157617e-01	3.712321455528809e-06	1.334660404385002e-06
1.541920252557022e-01	5.204834310849302e-07	1.125879287686028e-06
1.580785894442974e-01	2.664378773292109e-06	1.252189307797976e-06
1.620631183698304e-01	-4.783835255948253e-07	1.042028086721596e-06
1.661480813314603e-01	1.825578073615930e-07	1.005043418610646e-06
1.703360098695011e-01	-8.460242049930096e-07	9.759878493206461e-07
1.746294993342717e-01	4.491582237610858e-07	1.054567391016659e-06
1.790312104944914e-01	4.174209872291396e-07	1.117982773699734e-06
1.835438711862156e-01	-2.906141105747620e-07	9.655891384153628e-07
1.881702780033353e-01	-1.396393296351144e-07	9.790944272460928e-07
1.929132980306874e-01	-2.804137013999530e-07	9.839930010079146e-07
1.977758706208489e-01	1.315523874062343e-08	9.836133070856982e-07
2.027610092157180e-01	-3.299971471691828e-06	8.841950967520399e-07
2.078718032140094e-01	-6.715657735377747e-07	1.069694355164984e-06
2.131114198858217e-01	6.800162733304954e-07	1.293661285145045e-06
2.184831063354638e-01	1.611688202070933e-06	1.293841606550378e-06
2.239901915137555e-01	-1.238484339007390e-06	1.141530573414484e-06
2.296360882810512e-01	-1.402683970837756e-07	1.152955343076046e-06
2.354242955222634e-01	-1.095844992507889e-06	9.705741093258494e-07
2.413584003151976e-01	1.286468826953031e-06	1.383313591497479e-06
2.474420801535424e-01	8.429673661443942e-07	1.548100764313405e-06
2.536791052258927e-01	-2.386692046381611e-06	1.167282429700455e-06
2.600733407522164e-01	-2.170931958104022e-06	1.254446121347905e-06
2.666287493792169e-01	-5.196605673316050e-07	1.491260019481256e-06
2.733493936360694e-01	-8.157774352312873e-07	1.409089771080094e-06
2.802394384520601e-01	-4.444009613426384e-07	1.312216020731125e-06
2.873031537376828e-01	-6.558585292151026e-07	1.412200039699660e-06
2.945449170307948e-01	5.520019740754479e-08	1.753267886180687e-06
3.019692162094730e-01	-2.243466492602209e-06	1.098763030432276e-06
3.095806522732490e-01	3.555468369209452e-06	2.276493298867426e-06
3.173839421944485e-01	5.698131790884084e-07	1.592838921046553e-06
3.253839218414018e-01	-1.310469646496684e-06	1.533496550550299e-06
3.327767134221087e-01	1.144519195218126e-06	2.597090705026108e-06
