3.003960076233148e-02	3.671922552078981e-03	3.685271608387654e-04
3.079588243584661e-02	3.483405827527961e-03	3.129795163773659e-04
3.157120437471745e-02	2.695318300645480e-03	2.401575586880204e-04
3.236604593963398e-02	2.468972142193620e-03	1.959883092248571e-04
3.318089855974563e-02	2.458631218158968e-03	1.809530328896464e-04
3.401626603649874e-02	2.118268284893446e-03	1.497963839173129e-04
3.487266485512346e-02	1.918163293757042e-03	1.301167934279640e-04
3.575062450396261e-02	1.700105323938871e-03	1.126843583318954e-04
3.665068780184011e-02	1.625705772128387e-03	1.020094327646977e-04
3.757341123367126e-02	1.595263241609728e-03	9.477525440040611e-05
3.851936529452234e-02	1.417675961314397e-03	8.412989459011141e-05
3.948913484233242e-02	1.395073358806066e-03	7.713615684788054e-05
4.048331945951525e-02	1.121733963782231e-03	6.515057950609467e-05
4.150253382366492e-02	1.102928603974016e-03	6.084359157929765e-05
4.254740808759449e-02	9.980883830212261e-04	5.528784044073673e-05
4.361858826894252e-02	9.332170872725808e-04	5.075047892262179e-05
4.471673664958840e-02	8.881856970036453e-04	4.648706568470880e-05
4.584253218512337e-02	7.897158579921284e-04	4.191666699688877e-05
4.699667092463054e-02	6.245350592478852e-04	3.557320841639577e-05
4.817986644103329e-02	6.824261418711291e-04	3.545134834652796e-05
4.939285027227818e-02	5.784645150523095e-04	3.070626903569558e-05
5.063637237362521e-02	4.308342259283961e-04	2.642206694210732e-05
5.191120158132497e-02	4.768692119724346e-04	2.821060081733723e-05
5.321812608796939e-02	4.014568449067341e-04	2.391439077287417e-05
5.455795392981000e-02	3.289811916724508e-04	2.058053770338309e-05
5.593151348634504e-02	2.891667304658949e-04	1.889752037170790e-05
5.733965399248415e-02	2.673854640194722e-04	1.713002546417920e-05
5.878324606360755e-02	2.423495388831026e-04	1.576340249902186e-05
6.026318223384398e-02	1.828552607247511e-04	1.337920195573787e-05
6.178037750790065e-02	1.814067180874032e-04	1.244567228158235e-05
6.333576992678594e-02	1.369934236715864e-04	1.041007096991897e-05
6.493032114777497e-02	1.238002443115284e-04	9.644411083334985e-06
6.656501703897635e-02	1.008126734423220e-04	8.381825528464005e-06
6.824086828886802e-02	8.239313205920084e-05	7.395282346812498e-06
6.995891103117857e-02	7.498643658388847e-05	6.775505578404359e-06
7.172020748550098e-02	6.577521466762428e-05	6.093065917975979e-06
7.352584661403433e-02	6.577999597399300e-05	5.793469009361782e-06
7.537694479485990e-02	5.342211468876490e-05	4.989759044714933e-06
7.727464651216759e-02	5.570742649410506e-05	4.834293224474269e-06
7.922012506385975e-02	4.107194301444373e-05	4.086004104155814e-06
8.121458328696973e-02	3.886254394255207e-05	3.801879713525333e-06
8.325925430134362e-02	4.034207154113017e-05	3.735742227245387e-06
8.535540227204502e-02	3.627414084406118e-05	3.394219149953897e-06
8.750432319095434e-02	3.702944694672850e-05	3.230709842105260e-06
8.970734567804571e-02	3.523793988701822e-05	3.086676758620789e-06
9.196583180283688e-02	3.582668835763288e-05	2.986094031909062e-06
9.428117792652024e-02	3.646276338062906e-05	2.887062231832749e-06
9.665481556529529e-02	3.348921425155275e-05	2.685801692775823e-06
9.908821227543663e-02	2.875356380434717e-05	2.391676904938802e-06
1.015828725606445e-01	1.838594433382270e-05	1.954027661103199e-06
1.041403388022390e-01	2.489544386466535e-05	2.133291407410849e-06
1.067621922127726e-01	1.996283929409092e-05	1.934247183736932e-06
1.094500538136521e-01	1.701300430150775e-05	1.766203444546022e-06
1.122055854373714e-01	1.424572388300546e-05	1.644437298969505e-06
1.150304907549790e-01	1.762641863565868e-05	1.746824985414764e-06
1.179265163294111e-01	1.212656129875811e-05	1.473949563586926e-06
1.208954526953448e-01	1.005059958774092e-05	1.395198316905954e-06
1.239391354662375e-01	6.363175222474303e-06	1.231112689725216e-06
1.270594464692373e-01	6.288375425661118e-06	1.189253347182593e-06
1.302583149086660e-01	6.147660595002157e-06	1.150847156629802e-06
1.335377185587942e-01	6.382156815396588e-06	1.146181371316786e-06
1.368996849866463e-01	2.520588909425961e-06	8.764753923951298e-07
1.403462928055898e-01	3.379269756816742e-06	9.594265316496292e-07
1.438796729604869e-01	2.617912875246313e-06	8.632161353449448e-07
1.475020100451999e-01	9.709791948137793e-07	7.797437480239559e-07
1.512155436532668e-01	2.515532293458303e-06	7.966369677559944e-07
1.550225697625817e-01	1.547043032258634e-06	7.636308336788447e-07
1.589254421549363e-01	1.495495852760125e-07	6.483645570202664e-07
1.629265738712999e-01	1.600084708648497e-06	7.431057751291569e-07
1.670284387037375e-01	1.260766821640270e-06	7.301043877033925e-07
1.712335727248888e-01	9.676096160907323e-07	7.152236771918424e-07
1.755445758559537e-01	-5.232174055226088e-08	6.127042126295929e-07
1.799641134741540e-01	-1.135496625560719e-07	6.055314502092318e-07
1.844949180606640e-01	9.864729622609257e-07	6.807534127639394e-07
1.891397908900299e-01	1.282350140455832e-07	5.443613635480944e-07
1.939016037621231e-01	3.401802640595699e-08	5.682786627942556e-07
1.987833007776963e-01	-5.283372307543354e-08	5.835814535645429e-07
2.037879001586419e-01	-5.859817529979780e-09	5.974768909361722e-07
2.089184961140773e-01	-1.469921263153487e-06	5.151325680183595e-07
2.141782607534111e-01	-7.267849934522991e-07	6.844875989718228e-07
2.195704460475733e-01	-6.115838228327012e-07	6.806844596800156e-07
2.250983858396211e-01	4.308144256863176e-07	7.662927974385378e-07
2.307654979059643e-01	8.918220627745643e-08	7.298970889347241e-07
2.365752860694847e-01	4.970010620519756e-07	8.812395437594092e-07
2.425313423658555e-01	6.318980436453022e-07	8.428049693671407e-07
2.486373492644000e-01	9.917459866787831e-07	9.683475833155056e-07
2.548970819448635e-01	3.720565719707250e-07	9.982298632111628e-07
2.613144106315055e-01	-3.312953288303024e-07	8.898717972918087e-07
2.678933029859549e-01	1.331509934527022e-06	9.914199358670466e-07
2.746378265603083e-01	-9.709892321679169e-07	8.045353242856191e-07
2.815521513119887e-01	1.151161204279416e-06	1.121141517417430e-06
2.886405521819172e-01	2.094268040018121e-06	1.495178332056552e-06
2.959074117375942e-01	4.845146207422183e-07	1.192685177833149e-06
3.033572228827229e-01	4.380421991269335e-06	1.732172132814394e-06
3.109945916350512e-01	-3.017429433616993e-06	4.606645411402688e-07
3.188242399741476e-01	2.532279408410818e-08	6.705811511742378e-07
3.268510087608750e-01	-1.384022695130493e-06	5.170113597931443e-07
3.335170083185374e-01	1.318587484862206e-06	1.764545300346828e-06
