6.532015640970869e-03	7.178039128550397e-01	5.917788533810468e-02
6.696661146173266e-03	7.679989244810992e-01	3.067494234561759e-02
6.865456693854638e-03	6.952651258098387e-01	2.477639961945301e-02
7.038506889680081e-03	6.920827360286964e-01	2.171532128172174e-02
7.215918975997390e-03	6.972164334133888e-01	1.991303777311563e-02
7.397802898297071e-03	7.247094031366550e-01	1.878384867792448e-02
7.584271373347575e-03	7.347936988003723e-01	1.716168569869900e-02
7.775439959047913e-03	7.519313141229682e-01	1.641532092229089e-02
7.971427126040990e-03	7.760550160948207e-01	1.541862849639495e-02
8.172354331132010e-03	7.956274668156031e-01	1.464452380767037e-02
8.378346092557469e-03	7.862136885632512e-01	1.366372662672190e-02
8.589530067151355e-03	7.759336767297913e-01	1.258190610192483e-02
8.806037129456417e-03	8.032672886226609e-01	1.220708467381262e-02
9.028001452829486e-03	8.052884358931707e-01	1.162553471439866e-02
9.255560592591153e-03	8.152470116035752e-01	1.089844765143639e-02
9.488855571271281e-03	8.051711650713098e-01	1.028707678907549e-02
9.728030966003241e-03	8.280956422354285e-01	9.863157188959212e-03
9.973234998120976e-03	8.104784184693954e-01	9.304944441039057e-03
1.022461962501446e-02	7.563990541472232e-01	8.434072205099905e-03
1.048234063430044e-02	7.036927898053853e-01	7.650935244703610e-03
1.074655774036688e-02	6.486266725933552e-01	6.830601681425411e-03
1.101743468335081e-02	6.056090719864621e-01	1.156676448550741e-02
1.129513933061113e-02	6.120566921227869e-01	1.359110506928573e-02
1.157984378075901e-02	5.383049557489644e-01	1.113398049617974e-02
1.187172447031053e-02	5.069526858065774e-01	1.021983811308034e-02
1.217096228302762e-02	4.722940476934438e-01	9.304293451684596e-03
1.247774266201498e-02	4.277185785337886e-01	8.049787907196654e-03
1.279225572464255e-02	3.914793008369972e-01	7.168765873778299e-03
1.311469638036471e-02	3.517793223241336e-01	6.325934454571018e-03
1.344526445150917e-02	3.009063057998409e-01	5.221735250715333e-03
1.378416479711054e-02	2.639265717100450e-01	4.510696574910929e-03
1.413160743986515e-02	2.307976438400708e-01	3.875430350290393e-03
1.448780769628595e-02	1.956502214582176e-01	3.234774115772108e-03
1.485298631013808e-02	1.687845130930454e-01	2.752722783808923e-03
1.522736958923775e-02	1.386048899091587e-01	2.275079001743117e-03
1.561118954569930e-02	1.102772136354644e-01	1.794780661793302e-03
1.600468403971739e-02	8.762201708370769e-02	1.459511489984139e-03
1.640809692697317e-02	7.143769056051920e-02	1.212173191353615e-03
1.682167820975618e-02	5.329630826461546e-02	9.486084115760524e-04
1.724568419189523e-02	4.008866273010669e-02	7.535197742378746e-04
1.768037763759456e-02	2.698910318802836e-02	5.584564161508228e-04
1.812602793427362e-02	2.006834463687518e-02	4.511846564673740e-04
1.858291125951129e-02	1.386899113823920e-02	3.501368117285090e-04
1.905131075219817e-02	8.714796365001391e-03	2.610047151981707e-04
1.953151668800290e-02	5.721259145184993e-03	2.022288064361795e-04
2.002382665926122e-02	3.546244305011497e-03	1.522505964188705e-04
2.052854575939939e-02	2.113655043269890e-03	1.143838298162020e-04
2.104598677200610e-02	1.264399448913944e-03	8.605326355819588e-05
2.157647036467014e-02	9.733276542447359e-04	7.397297368863866e-05
2.212032528770392e-02	9.188167936957649e-04	6.925817351868546e-05
2.267788857787603e-02	1.114934182421770e-03	7.339461553163782e-05
2.324950576727900e-02	1.408262743648928e-03	8.082832000068961e-05
2.383553109746189e-02	1.658830838693988e-03	8.566677888922630e-05
2.443632773896009e-02	1.889666154815834e-03	8.942045996528702e-05
2.505226801635882e-02	1.818239430597002e-03	8.719915073553647e-05
2.568373363902934e-02	1.853977590108936e-03	8.740691292365981e-05
2.633111593768122e-02	1.946327718503211e-03	8.918766996795018e-05
2.699481610687709e-02	1.895817269253963e-03	8.908996738845735e-05
2.767524545366016e-02	1.502031424312801e-03	7.812444981239499e-05
2.837282565244868e-02	1.436685339843671e-03	7.478774712131614e-05
2.908798900635526e-02	1.286437521107812e-03	7.049490552812866e-05
2.982117871509290e-02	8.922927192907367e-04	5.826738688233366e-05
3.057284914963394e-02	7.500546530750475e-04	5.272292091969122e-05
3.134346613379198e-02	5.962534218247980e-04	4.650979287851527e-05
3.213350723290138e-02	4.000613561359578e-04	3.877970057826354e-05
3.294346204977312e-02	2.573521323053642e-04	3.141146569319398e-05
3.377383252811060e-02	1.815452928366542e-04	2.808452779759077e-05
3.462513326357324e-02	1.369575228220806e-04	2.526511908488482e-05
3.549789182268073e-02	1.821350648897959e-04	2.690558365419824e-05
3.639264906975564e-02	1.524181698686729e-04	2.541409500846079e-05
3.730995950210679e-02	2.053032605453606e-04	2.814210367324689e-05
3.825039159366135e-02	1.373167008795528e-04	2.499636354103090e-05
3.921452814725843e-02	1.508098470082508e-04	2.594606542945261e-05
4.020296665582258e-02	1.548100065791454e-04	2.618398586680541e-05
4.121631967264101e-02	1.414726820469713e-04	2.611534908961040e-05
4.225521519097399e-02	1.721526434221484e-04	2.633304710170902e-05
4.332029703323360e-02	8.151531456170911e-05	2.184396865882727e-05
4.441222524997231e-02	1.142777752947304e-04	2.392610848855134e-05
4.553167652892813e-02	7.941441101320980e-05	2.235777849393424e-05
4.667934461438043e-02	9.836953860659091e-05	2.617753928378530e-05
4.785594073707574e-02	2.929718766193538e-05	2.129717943891282e-05
4.906219405499043e-02	6.067197920088463e-05	2.587989029683403e-05
5.029885210520314e-02	3.583714343379838e-05	2.377725915764310e-05
5.156668126715704e-02	-6.632454642718552e-07	2.196998219392996e-05
5.286646723759909e-02	-6.932550248902278e-06	2.251340658861209e-05
5.419901551749065e-02	-8.446474370634308e-06	1.956365435000418e-05
5.556515191119094e-02	1.574866854171532e-05	2.920067179273037e-05
5.696572303822305e-02	2.783564222546755e-05	2.642400364305932e-05
5.840159685793944e-02	3.042715705527463e-05	2.787767775253284e-05
5.987366320741208e-02	2.653387254595851e-05	2.749865679138370e-05
6.138283435288064e-02	-3.298487886218691e-05	2.129697838771964e-05
6.293004555510044e-02	4.213360208350896e-05	3.589319781574596e-05
6.451625564894053e-02	6.070018547624085e-06	2.947166385133830e-05
6.614244763759107e-02	3.180288845241346e-05	3.089218639017738e-05
6.780962930174822e-02	-2.846466750800860e-05	1.835500298374008e-05
6.951883382415414e-02	1.724481216756203e-06	2.685846677944885e-05
7.127112042987913e-02	4.623489988681306e-05	3.489641010100185e-05
7.260579852766104e-02	-1.948960604384166e-05	3.344938347150480e-05
