3.003969672579178e-02	8.137451004398832e-04	3.585035140256292e-04
3.079617515883042e-02	4.556148195790516e-04	2.642968571068842e-04
3.157170370495364e-02	7.914852961807951e-04	2.948532996274085e-04
3.236676209602513e-02	2.138911916574640e-04	1.417725530253220e-04
3.318184214481647e-02	4.256366146912198e-04	1.840170646477104e-04
3.401744804923609e-02	1.829034451741068e-04	1.000863598788703e-04
3.487409670421952e-02	2.023378005407235e-04	9.834098175037420e-05
3.575231802147387e-02	1.390058551765974e-04	7.543308725719518e-05
3.665265525727434e-02	1.361604458562842e-04	7.202843620471552e-05
3.757566534851545e-02	2.199853197074813e-04	8.722793218697552e-05
3.852191925722498e-02	2.103350424448381e-04	7.769618887859299e-05
3.949200232375363e-02	5.826369022555189e-05	3.720412765644614e-05
4.048651462885894e-02	7.099179504389519e-05	4.064928625185532e-05
4.150607136490744e-02	9.503261825057344e-05	4.094627087407806e-05
4.255130321642466e-02	1.096712284324370e-04	4.461070653579082e-05
4.362285675022834e-02	3.748882498455608e-05	2.808617987143630e-05
4.472139481538626e-02	1.452268428494299e-05	1.774576067175101e-05
4.584759695324603e-02	5.639340977881844e-05	3.112908224671591e-05
4.700215981779055e-02	5.345781789900555e-05	2.731946621994266e-05
4.818579760657907e-02	6.645705078186350e-05	2.698937569709233e-05
4.939924250254053e-02	2.810339182191047e-05	1.854208558397747e-05
5.064324512689235e-02	7.554066036667390e-05	2.511749974235496e-05
5.191857500346499e-02	6.252149330928038e-05	2.307963341498868e-05
5.322602103471932e-02	5.578824345447698e-05	2.045391633335215e-05
5.456639198975149e-02	3.840633692771516e-05	1.654822621705369e-05
5.594051700458688e-02	1.073946900288750e-05	1.086371733920809e-05
5.734924609507293e-02	1.648073459124651e-05	1.101781356232940e-05
5.879345068268781e-02	3.364657628860451e-05	1.535833869051583e-05
6.027402413359045e-02	1.879475024898412e-05	1.091291204619929e-05
6.179188231124522e-02	3.853814170078035e-05	1.454504126185412e-05
6.334796414296306e-02	2.010089115751877e-05	9.949830177127821e-06
6.494323220070988e-02	9.089955081045503e-06	6.965369341737460e-06
6.657867329654081e-02	6.129849466131502e-06	6.138458665304087e-06
6.825529909302949e-02	8.710375904098333e-06	7.812284472243548e-06
6.997414672906926e-02	1.985455337612076e-05	8.709648583456001e-06
7.173627946143382e-02	1.016367196241716e-05	6.819385310070088e-06
7.354278732249404e-02	-5.172620186604784e-06	3.264803828019150e-06
7.539478779449775e-02	7.929816227715516e-06	5.737898313698180e-06
7.729342650082974e-02	4.391442496157563e-06	4.647622305359062e-06
7.923987791467950e-02	2.597158922315889e-06	4.385533041571581e-06
8.123534608555499e-02	-1.741716172507927e-06	3.330334751462769e-06
8.328106538409204e-02	4.271302129523701e-06	3.914783297866545e-06
8.537830126561993e-02	1.483676121891374e-06	3.307212408662686e-06
8.752835105295563e-02	1.419680070553486e-06	3.194449839286233e-06
8.973254473891072e-02	6.894936927723611e-06	3.646411458646595e-06
9.199224580900772e-02	-1.941861634051955e-06	2.624968728945891e-06
9.430885208491444e-02	-3.511862089832073e-06	1.831338033437658e-06
9.668379658911827e-02	4.233997376821072e-06	3.470304286365560e-06
9.911854843137527e-02	4.451153203155809e-06	2.958014194656935e-06
1.016146137174823e-01	1.134644669288364e-06	2.346613277125105e-06
1.041735364809344e-01	1.615611212988582e-08	2.337622530419885e-06
1.067968996380441e-01	6.504167488537792e-06	2.969923794623839e-06
1.094863259671125e-01	9.444613832744295e-07	2.203353776409175e-06
1.122434791122589e-01	2.245223076927971e-07	1.992958329089777e-06
1.150700646125294e-01	1.906131755022800e-06	2.508609129246194e-06
1.179678309569214e-01	1.286138188295860e-06	2.579652998150065e-06
1.209385706659757e-01	6.621900157360809e-07	1.914269507557874e-06
1.239841214006068e-01	-2.434577369090899e-06	1.626274162683265e-06
1.271063670988557e-01	5.729544288303957e-07	2.082359798572527e-06
1.303072391412695e-01	-8.967189936735868e-07	1.614747390166094e-06
1.335887175456285e-01	2.652395776081710e-06	2.090266241873831e-06
1.369528321917591e-01	3.408648106702987e-06	2.076901978769079e-06
1.404016640771914e-01	1.891433386803689e-06	1.970406757536908e-06
1.439373466044367e-01	-1.165599741917255e-06	1.349837281808745e-06
1.475620669006832e-01	1.623967075453006e-06	1.977758144314845e-06
1.512780671707235e-01	-1.254215357981836e-06	1.403637248283020e-06
1.550876460839543e-01	2.408296506149802e-07	1.737963992036629e-06
1.589931601963026e-01	2.141481718358927e-06	1.970906677288754e-06
1.629970254079607e-01	-1.218243817722134e-06	1.502613404980993e-06
1.671017184578312e-01	1.853917210627375e-06	1.823984958835835e-06
1.713097784556045e-01	3.502569975547937e-06	1.887326514037319e-06
1.756238084524195e-01	5.801879690366032e-08	1.639628860599193e-06
1.800464770510774e-01	-4.056493666027636e-07	1.490702608350674e-06
1.845805200568040e-01	1.534383032311574e-06	1.807039520792468e-06
1.892287421695840e-01	-1.075815169654190e-06	1.498043808112436e-06
1.939940187191110e-01	-1.202725016976700e-06	1.449651089795316e-06
1.988792974434299e-01	1.397879663330238e-06	1.634933311926731e-06
2.038876003123686e-01	1.841544108465153e-06	1.948532372628856e-06
2.090220253968897e-01	5.753099925348335e-07	1.825256113918740e-06
2.142857487855164e-01	2.133630551827594e-06	1.998265611667745e-06
2.196820265490199e-01	4.337315640302455e-07	1.674757751105683e-06
2.252141967545823e-01	1.966573639650014e-06	2.173650707221795e-06
2.308856815306814e-01	-1.086858610088254e-07	2.096395413374316e-06
2.366999891839749e-01	2.752188740846240e-06	2.600624135322723e-06
2.426607163694934e-01	1.310744459009449e-06	2.079841787596593e-06
2.487715503154839e-01	3.849408136124994e-06	3.146504292383760e-06
2.550362711042818e-01	2.562456859797674e-06	3.034891831854823e-06
2.614587540106201e-01	-5.690175041271875e-07	2.136675933983466e-06
2.680429718988244e-01	3.702642016725038e-06	2.922613212070992e-06
2.747929976803746e-01	3.744797839040587e-06	3.227619381338250e-06
2.817130068333552e-01	-9.840795504596731e-07	1.538324569389503e-07
2.888072799853517e-01	3.624040605865944e-06	3.689432042185472e-06
2.960802055613908e-01	-6.241466643270911e-06	4.210686930402320e-07
3.035362824985636e-01	3.859525118414472e-06	3.967998010717798e-06
3.111801230290088e-01	1.903243700370017e-06	3.583222728023213e-06
3.190164555329799e-01	2.482361047281988e-06	3.742186158186460e-06
3.270501274637597e-01	-2.357462998427965e-06	2.918442214622533e-07
3.336183212464942e-01	-4.528816871394826e-06	5.195427997688821e-07
