3.003979280867994e-02	1.817370534991353e-03	2.370878938440325e-04
3.079646824735607e-02	1.550733603267737e-03	1.970321734978144e-04
3.157220366168324e-02	1.306346804813495e-03	1.562503011478102e-04
3.236747915535353e-02	1.307076793460883e-03	1.406312308224764e-04
3.318278692544043e-02	1.057167407150520e-03	1.134658678018852e-04
3.401863156702029e-02	1.075315561598017e-03	1.033135371353905e-04
3.487553038546682e-02	1.091806923519339e-03	9.315955458628939e-05
3.575401371661219e-02	9.580353871861523e-04	8.247444017797905e-05
3.665462525497248e-02	8.715059793497500e-04	7.240045651069753e-05
3.757792239024103e-02	6.280978522218247e-04	5.825786623515897e-05
3.852447655225766e-02	6.564303109605078e-04	5.473291310520619e-05
3.949487356466731e-02	5.727816026743267e-04	4.814818278788132e-05
4.048971400748713e-02	5.982744138190292e-04	4.621368487625918e-05
4.150961358880625e-02	5.603314736653752e-04	4.274333496701284e-05
4.255520352584839e-02	5.012743593758617e-04	3.836264193267999e-05
4.362713093563295e-02	4.874911135560748e-04	3.590309347766104e-05
4.472605923547669e-02	4.348480215878026e-04	3.216926709693123e-05
4.585266855358357e-02	4.125899181608114e-04	2.974299104296184e-05
4.700765614997700e-02	4.195438172290047e-04	2.878324005966068e-05
4.819173684803504e-02	3.679870767630726e-04	2.564558878226327e-05
4.940564347689549e-02	3.793470417559408e-04	2.464254441696669e-05
5.065012732500494e-02	3.098715928605947e-04	2.196878750630490e-05
5.192595860509205e-02	3.479463662826031e-04	2.363907825870630e-05
5.323392693085338e-02	2.642772286259570e-04	1.907196171397327e-05
5.457484180564631e-02	2.407164219486951e-04	1.760156566995545e-05
5.594953312349173e-02	2.402210887561206e-04	1.688787639539080e-05
5.735885168269662e-02	2.353095451698982e-04	1.611653105277444e-05
5.880366971241428e-02	2.243665199554622e-04	1.513866135119801e-05
6.028488141246802e-02	1.974440052945929e-04	1.377288686845633e-05
6.180340350677278e-02	1.868373513033663e-04	1.271032335923416e-05
6.336017581069667e-02	1.866209502970491e-04	1.209492775916486e-05
6.495616181271405e-02	1.515245408222186e-04	1.066246249000319e-05
6.659234927070978e-02	1.534100261573367e-04	1.022043356544912e-05
6.826975082330400e-02	1.311614018055359e-04	9.050295178036136e-06
6.998940461657541e-02	1.299355030933170e-04	8.693468053558554e-06
7.175237494657133e-02	1.158948859936139e-04	7.791750127515669e-06
7.355975291800204e-02	1.070795266415134e-04	7.177463261189308e-06
7.541265711952681e-02	1.002235141755070e-04	6.732103699875947e-06
7.731223431605003e-02	9.970481327294577e-05	6.447858707071451e-06
7.925966015845548e-02	7.947931867193434e-05	5.559680215706860e-06
8.125613991121831e-02	7.176098116140119e-05	4.996628623645957e-06
8.330290919834482e-02	6.244024771460670e-05	4.557050905166405e-06
8.540123476810180e-02	4.892785518442253e-05	3.930996624406078e-06
8.755241527700877e-02	5.296300222958617e-05	3.902592244814803e-06
8.975778209357825e-02	4.904634658113080e-05	3.627595920288089e-06
9.201870012230147e-02	4.088664783554872e-05	3.266490299339389e-06
9.433656864838966e-02	4.903997844041553e-05	3.341849594135567e-06
9.671282220379351e-02	3.475436244583436e-05	2.809302949165576e-06
9.914893145503698e-02	3.019876708074753e-05	2.592033843101385e-06
1.016464041134147e-01	3.127329107051832e-05	2.619545473578651e-06
1.042067858681166e-01	3.295150405602770e-05	2.987043578863217e-06
1.068316613428569e-01	2.524499671472602e-05	3.661260908857206e-06
1.095226550766003e-01	1.611209439910703e-05	1.892329064852327e-06
1.122814325289905e-01	1.746909457328293e-05	1.893815150165435e-06
1.151097011111063e-01	1.568755410676625e-05	1.798063947706140e-06
1.180092112421801e-01	1.442613334599809e-05	1.765924069355910e-06
1.209817574329347e-01	1.184976531328898e-05	1.697023497287854e-06
1.240291793962088e-01	7.524424151674195e-06	1.658026052369175e-06
1.271533631855574e-01	6.215493761067670e-06	1.392104991361258e-06
1.303562423625328e-01	8.990471539671224e-06	1.447294689922467e-06
1.336397991933688e-01	5.453223861870374e-06	1.297196842397156e-06
1.370060658758079e-01	5.605064149187008e-06	1.268354824489609e-06
1.404571257968308e-01	6.580174673084636e-06	1.204422885295208e-06
1.439951148220678e-01	3.153606219936446e-06	1.113373240877064e-06
1.476222226176890e-01	3.203264564754482e-06	1.079276986684702e-06
1.513406940055911e-01	1.328136735803351e-06	9.416738298255173e-07
1.551528303527214e-01	1.590189685491813e-06	9.692498232726268e-07
1.590609909953961e-01	2.064932189009580e-06	9.540106967509603e-07
1.630675946994977e-01	1.385027291693056e-06	8.896572773159000e-07
1.671751211574515e-01	4.295362205906032e-07	8.634562237285608e-07
1.713861125229112e-01	-2.115333079648955e-06	7.361316478536521e-07
1.757031749841009e-01	-3.182971468720371e-08	8.022528325167104e-07
1.801289803767888e-01	2.136436779380816e-06	8.951204949645179e-07
1.846662678378897e-01	7.823534105554243e-08	7.781307186461412e-07
1.893178455007204e-01	1.866281499781723e-06	9.012849919743364e-07
1.940865922329577e-01	1.246750030171726e-06	8.187092808392483e-07
1.989754594183729e-01	1.851145467918477e-06	8.914213557957669e-07
2.039874727834476e-01	8.093711079751407e-07	9.172349347216952e-07
2.091257342699999e-01	-8.615220389281361e-07	8.656701157004641e-07
2.143934239549799e-01	-2.634028759526384e-07	1.007560041505287e-06
2.197938020186241e-01	-2.143246841102083e-06	8.072967127774870e-07
2.253302107621851e-01	-2.442381729434723e-06	8.174798199725049e-07
2.310060766764864e-01	1.317236961659898e-06	1.098364117504203e-06
2.368249125625823e-01	2.948837012794408e-06	1.209935631536803e-06
2.427903197058349e-01	-1.072341658590242e-06	9.966622017801660e-07
2.489059901047547e-01	-1.176391630639641e-06	1.010151405105504e-06
2.551757087559836e-01	-2.400310271080183e-08	1.216354015030107e-06
2.616033559968338e-01	-9.746525361080640e-07	9.783033903573414e-07
2.681929099068346e-01	1.289253591958566e-06	1.296561641998260e-06
2.749484487697706e-01	3.124457063021930e-07	1.223120449004600e-06
2.818741535977370e-01	4.220060023903225e-07	1.322595411607851e-06
2.889743107187742e-01	2.290832383944364e-07	1.296335588051042e-06
2.962533144296812e-01	3.021630528344248e-07	1.357285359737201e-06
3.037156697156526e-01	1.245489621534382e-06	1.380789376059306e-06
3.113659950384191e-01	-1.977917148012546e-06	1.173033052813227e-06
3.192090251946207e-01	-9.538942311687535e-07	1.225529829817244e-06
3.272496142461779e-01	-1.269804128973107e-06	1.033179971651830e-06
3.337198217706002e-01	-1.322958608138386e-06	1.276702159367821e-06
