6.532111736829316e-03	4.481260927516244e-01	3.939795461966845e-02
6.696954280981934e-03	4.522041490762542e-01	2.828059675393615e-02
6.865956745457025e-03	4.328523716409793e-01	2.404657120158046e-02
7.039224108839934e-03	4.230679393895730e-01	2.038284486825022e-02
7.216863998926208e-03	4.417353214969231e-01	1.934766896502544e-02
7.398986759576332e-03	4.785179308535321e-01	1.843006436796069e-02
7.585705519257581e-03	4.763509160450919e-01	1.666868060051234e-02
7.777136261315577e-03	5.241475372389777e-01	1.648442755275845e-02
7.973397896019200e-03	5.282741002057987e-01	1.524502786925378e-02
8.174612334423606e-03	5.541518322644320e-01	1.466392215383606e-02
8.380904564097229e-03	5.550113513211720e-01	1.378470583020017e-02
8.592402726759809e-03	5.531328304106752e-01	1.283184160189277e-02
8.809238197879675e-03	5.855133338994348e-01	1.259013634803221e-02
9.031545668279711e-03	5.934171333375591e-01	1.199681052319292e-02
9.259463227802727e-03	6.517440124046666e-01	1.193901837243135e-02
9.493132451088168e-03	6.309492252669918e-01	1.112912479738513e-02
9.732698485513468e-03	6.296552763292707e-01	1.045168782807433e-02
9.978310141354666e-03	6.197102559466363e-01	9.921068223929739e-03
1.023011998422230e-02	5.561363673734695e-01	8.838335272078520e-03
1.048828442982994e-02	4.847953227635390e-01	7.776953823474017e-03
1.075296384115438e-02	4.310691247502274e-01	6.864043704858175e-03
1.102432262804761e-02	3.867667228166713e-01	8.860496621331071e-03
1.130252934936263e-02	3.713620722750371e-01	9.463578420957863e-03
1.158775681765651e-02	3.269555500911409e-01	7.904901124401831e-03
1.188018220653566e-02	2.976228015981783e-01	7.064009404658534e-03
1.217998716071003e-02	2.673114173753240e-01	6.291398100940399e-03
1.248735790882468e-02	2.337411081711106e-01	5.410242874257900e-03
1.280248537913861e-02	2.102625365879551e-01	4.811957105342263e-03
1.312556531812298e-02	1.828632118015626e-01	4.175420102946937e-03
1.345679841205211e-02	1.556303463734633e-01	3.516609121819465e-03
1.379639041166299e-02	1.351623325145977e-01	3.087219014885879e-03
1.414455225996065e-02	1.170796412124648e-01	2.695584843899335e-03
1.450150022324876e-02	9.853766373929088e-02	2.306816423845906e-03
1.486745602546693e-02	8.307307344338906e-02	1.979275866134864e-03
1.524264698591807e-02	7.264619607662083e-02	1.759281805185046e-03
1.562730616047141e-02	5.941618013142796e-02	1.454085354745181e-03
1.602167248632890e-02	5.009663158311727e-02	1.269137109638385e-03
1.642599093044487e-02	4.056880016532446e-02	1.076421419146512e-03
1.684051264169115e-02	3.390372160279623e-02	9.318013387952346e-04
1.726549510686223e-02	2.705630659845872e-02	7.849873025461061e-04
1.770120231061733e-02	2.207518862234663e-02	6.650891576263669e-04
1.814790489945864e-02	1.869421528790766e-02	5.849320480872049e-04
1.860588034984777e-02	1.455737855915465e-02	4.907982831453083e-04
1.907541314056467e-02	1.219773330306085e-02	4.270710470042232e-04
1.955679492941620e-02	9.906872168377344e-03	3.706448252239272e-04
2.005032473440402e-02	7.849566112622813e-03	3.168046080468810e-04
2.055630911946441e-02	6.248243659952986e-03	2.729057143625780e-04
2.107506238489538e-02	5.600558603610410e-03	2.482330005394278e-04
2.160690676258932e-02	4.359390807153596e-03	2.122627744041954e-04
2.215217261619251e-02	4.053807143485641e-03	1.984531683489116e-04
2.271119864631575e-02	3.462644731886296e-03	1.780269687996961e-04
2.328433210092371e-02	2.962828810449860e-03	1.635586153426983e-04
2.387192899103353e-02	2.598504727211146e-03	1.492313894940599e-04
2.447435431185677e-02	2.671386291717964e-03	1.492477697676751e-04
2.509198226952201e-02	2.193614281480320e-03	1.346437756445346e-04
2.572519651351902e-02	2.133066354068599e-03	1.316628361901068e-04
2.637439037500874e-02	1.550288051001918e-03	1.133501686092122e-04
2.703996711114723e-02	1.449876887300165e-03	1.095192978596005e-04
2.772234015557531e-02	1.003970824355558e-03	9.064276967953520e-05
2.842193337522950e-02	1.239897780298101e-03	9.805655901088970e-05
2.913918133363372e-02	1.017122746681269e-03	8.752031877719853e-05
2.987452956083539e-02	6.648349805787108e-04	7.086199981940488e-05
3.062843483015356e-02	5.687617483085475e-04	6.542749663673740e-05
3.140136544191096e-02	5.762167462945740e-04	6.434625086592434e-05
3.219380151432623e-02	3.928698759622304e-04	5.471789631291381e-05
3.300623528174705e-02	3.449297627238694e-04	5.113414176597951e-05
3.383917140040935e-02	2.906010795114099e-04	4.698516534594572e-05
3.469312726191267e-02	2.653547225833216e-04	4.489251351181277e-05
3.556863331460616e-02	2.804579508843872e-04	4.441809631370541e-05
3.646623339308511e-02	2.153780327221160e-04	4.076400793087365e-05
3.738648505600249e-02	1.122768093502052e-04	3.217546338206289e-05
3.832995993240544e-02	9.323991801502551e-05	3.271808957204692e-05
3.929724407681179e-02	1.200541806809436e-04	3.430743863201374e-05
4.028893833324722e-02	9.189577817269296e-05	3.345265038511927e-05
4.130565870846911e-02	1.068578258330746e-04	3.253905833872377e-05
4.234803675460903e-02	7.123906725681882e-05	3.041439144888371e-05
4.341671996147144e-02	7.858080910779945e-05	2.919270608657508e-05
4.451237215873234e-02	4.403750401891969e-05	2.810736957001730e-05
4.563567392828768e-02	3.679684604096689e-05	2.959178841630569e-05
4.678732302700775e-02	7.544133541483145e-05	3.441217227917526e-05
4.796803482015996e-02	2.579976755619353e-05	2.733588041255260e-05
4.917854272576948e-02	2.053717531958269e-05	2.634544743269358e-05
5.041959867019352e-02	1.797490462051876e-06	3.518995801813348e-05
5.169197355519250e-02	9.058655990327365e-05	4.289077763286797e-05
5.299645773678795e-02	5.561891743299124e-05	3.781357661942625e-05
5.433386151620483e-02	3.574640334245838e-05	4.041556304033266e-05
5.570501564320308e-02	7.638398485814819e-06	3.899279445017817e-05
5.711077183211117e-02	5.028807244672855e-05	3.823336033001733e-05
5.855200329088205e-02	4.210525816602986e-05	4.484098638587260e-05
6.002960526350025e-02	3.340353196128172e-05	4.356973576534190e-05
6.154449558607701e-02	3.986567620434341e-05	4.212614092642784e-05
6.309761525697886e-02	-4.571816375653113e-05	3.182619649989957e-05
6.468992902134385e-02	4.012784735615737e-05	4.740860362918632e-05
6.632242597034840e-02	2.878266492158043e-05	3.739114656254030e-05
6.799612015559708e-02	3.303602695528172e-05	4.385306770297893e-05
6.971205121901708e-02	3.975106465389474e-06	3.971800801605653e-05
7.147128503864833e-02	2.315446370391812e-05	4.208332584551283e-05
7.270764564158741e-02	-4.302558790266841e-05	6.857856660618218e-06
