6.532015638109654e-03	4.309183257380980e-01	4.881252775236766e-02
6.696661137445381e-03	5.950807458811603e-01	4.330857999998181e-02
6.865456678966150e-03	4.949579143296075e-01	3.455437014978578e-02
7.038506868325970e-03	4.688937716623669e-01	2.930203673869127e-02
7.215918947861170e-03	4.978448021788134e-01	2.770587015943664e-02
7.397802863050412e-03	4.573123417987127e-01	2.382979341461057e-02
7.584271330649902e-03	4.861236790073342e-01	2.250281000782126e-02
7.775439908545999e-03	5.223225811763493e-01	2.177912656265953e-02
7.971427067368538e-03	5.141192206199692e-01	2.007206136895606e-02
8.172354263909214e-03	5.512089910968678e-01	1.944370431685726e-02
8.378346016390564e-03	5.520845735335370e-01	1.832514471868352e-02
8.589529981632163e-03	5.667990460891618e-01	1.725189094260987e-02
8.806037034161862e-03	5.867633458455928e-01	1.664563924724657e-02
9.028001347321110e-03	5.991228648916177e-01	1.596063283799877e-02
9.255560476414602e-03	6.086184200606494e-01	1.523393152222547e-02
9.488855443955786e-03	6.195331098936327e-01	1.461785604816191e-02
9.728030827061078e-03	5.832104565151274e-01	1.328177336632522e-02
9.973234847046913e-03	5.424831043893207e-01	1.226144854042167e-02
1.022461946128518e-02	4.490756569312769e-01	1.048361408060294e-02
1.048234045737396e-02	3.718104344842302e-01	9.025795686199324e-03
1.074655754968191e-02	3.234591311714040e-01	7.917274628346165e-03
1.101743447832619e-02	2.870543433977528e-01	8.493915617327357e-03
1.129513911064510e-02	2.624364182892436e-01	8.657792542426214e-03
1.157984354522862e-02	2.085688273171503e-01	6.751222550310532e-03
1.187172421857090e-02	1.614688434133406e-01	5.530579183045141e-03
1.217096201441125e-02	1.437829352840632e-01	4.952566703836874e-03
1.247774237583103e-02	1.173316850170537e-01	4.178262545405274e-03
1.279225542017607e-02	9.082608434971748e-02	3.436762405760841e-03
1.311469605687586e-02	7.817755613297565e-02	3.048824294064736e-03
1.344526410823244e-02	6.352645836274487e-02	2.577323676846237e-03
1.378416443325390e-02	5.596477957417027e-02	2.312454064496166e-03
1.413160705460924e-02	4.471896634923574e-02	1.970256106539130e-03
1.448780728878317e-02	3.651879781655113e-02	1.705470873119218e-03
1.485298587951168e-02	3.384567382740511e-02	1.558225983581876e-03
1.522736913458092e-02	2.875173982004178e-02	1.370671894684098e-03
1.561118906607424e-02	2.229444329992931e-02	1.140134405602023e-03
1.600468353415425e-02	2.057931705323714e-02	1.053809843915501e-03
1.640809639446909e-02	1.815046572138907e-02	9.452442323429372e-04
1.682167764927422e-02	1.591708688020470e-02	8.503155772612803e-04
1.724568360236329e-02	1.454111483550053e-02	7.740469375252134e-04
1.768037701790429e-02	1.273581961574602e-02	6.885018817680091e-04
1.812602728327922e-02	1.288308003965283e-02	6.665944300424026e-04
1.858291057602837e-02	1.087079766716588e-02	5.854965357422703e-04
1.905131003500254e-02	9.526374515574953e-03	5.258643964251892e-04
1.953151593582927e-02	8.286099376160030e-03	4.715723026270903e-04
2.002382587080196e-02	7.504481699333078e-03	4.347591108417338e-04
2.052854493330315e-02	7.765245437004913e-03	4.265063123892819e-04
2.104598590687647e-02	6.522089293588476e-03	3.767122002149392e-04
2.157646945906422e-02	6.047450182752098e-03	3.498426689134657e-04
2.212032434013088e-02	5.121039196314657e-03	3.137385385345563e-04
2.267788758679559e-02	4.760467954584801e-03	2.917880684511461e-04
2.324950473109992e-02	4.471628996854521e-03	2.813847534468642e-04
2.383553001454031e-02	4.336638514275959e-03	2.709684275267767e-04
2.443632660759799e-02	3.347955370769927e-03	2.350594456587102e-04
2.505226683480222e-02	3.123201542144502e-03	2.232812786678181e-04
2.568373240546665e-02	2.787995453803680e-03	2.105905203595661e-04
2.633111465024141e-02	2.919431791034476e-03	2.158791822225847e-04
2.699481476362784e-02	2.754780808462246e-03	2.109850133105777e-04
2.767524405260597e-02	2.722375157191122e-03	2.061910520127950e-04
2.837282419152892e-02	2.345892360279254e-03	1.870435575387693e-04
2.908798748344213e-02	2.037657677946669e-03	1.733366818646627e-04
2.982117712798938e-02	1.880983591396624e-03	1.636403943470726e-04
3.057284749607164e-02	1.889386329632046e-03	1.598730100598835e-04
3.134346441142895e-02	1.674437988108166e-03	1.499565818413729e-04
3.213350543931981e-02	1.602865981896734e-03	1.426836893207983e-04
3.294346018247704e-02	1.575910138069519e-03	1.394052875247365e-04
3.377383058452346e-02	1.337834609726943e-03	1.293889724665699e-04
3.462513124103542e-02	1.184778913839452e-03	1.214013884031931e-04
3.549788971844701e-02	1.318332598500182e-03	1.241252817909709e-04
3.639264688099259e-02	9.720544603909597e-04	1.078881563216892e-04
3.730995722589003e-02	9.776308410769652e-04	1.088738408342009e-04
3.825038922697278e-02	9.851285317257516e-04	1.090569104747964e-04
3.921452568698337e-02	8.241266935464313e-04	1.001838137279801e-04
4.020296409874682e-02	9.103597346986552e-04	1.057353056892856e-04
4.121631701544774e-02	8.687811414581861e-04	1.042248290592070e-04
4.225521243024070e-02	6.218199884081752e-04	8.853310284074784e-05
4.332029416542889e-02	5.530341394292070e-04	8.703630603218192e-05
4.441222227145249e-02	5.718542647877019e-04	9.091362521260342e-05
4.553167343593389e-02	5.430876267817640e-04	8.972593036729483e-05
4.667934140303327e-02	6.317530336304953e-04	1.052166108108222e-04
4.785593740337436e-02	3.961707273384344e-04	8.807677679209110e-05
4.906219059480703e-02	4.524314043523426e-04	9.757010901737979e-05
5.029884851427954e-02	5.645396701010280e-04	1.163988000931233e-04
5.156667754110078e-02	2.043241956213506e-04	7.992928699535454e-05
5.286646337187936e-02	3.575199461700259e-04	1.061709097487581e-04
5.419901150743403e-02	2.041386624873418e-04	8.766271626075959e-05
5.556514775197719e-02	2.627236001666257e-04	9.787177759881254e-05
5.696571872488063e-02	1.748509091208831e-04	8.700899498308023e-05
5.840159238534096e-02	1.777990987386785e-04	9.074372601290529e-05
5.987365857026956e-02	1.700953075065237e-04	9.527913466087169e-05
6.138282954574073e-02	2.455231363217335e-04	1.184148712449518e-04
6.293004057233942e-02	3.969304896548235e-05	8.762746097385858e-05
6.451625048475917e-02	1.573122846739345e-04	9.843793943823504e-05
6.614244228600938e-02	2.261086966472529e-04	1.123400252356941e-04
6.780962375659999e-02	1.067700096088164e-04	9.831186153471485e-05
6.951882807908140e-02	2.919445195296964e-05	9.766056693206470e-05
7.127111447832635e-02	2.140056019309359e-04	1.226404164069781e-04
7.260579549943269e-02	-1.236090871329907e-04	1.431806549158587e-05
