6.531823442980892e-03	6.189548370026589e-01	9.047445338074442e-02
6.696074874599584e-03	5.941391038016910e-01	5.318441550416530e-02
6.864456628022639e-03	6.134055273438219e-01	4.486740060724795e-02
7.037072565712864e-03	5.742373595034124e-01	3.905267258048580e-02
7.214029161893527e-03	5.904788406707687e-01	3.600605847879436e-02
7.395435568224567e-03	6.222362151984532e-01	3.374208750799743e-02
7.581403681130316e-03	6.379033566654478e-01	3.080458585749520e-02
7.772048210820265e-03	6.517661800349374e-01	2.926382387978164e-02
7.967486752045462e-03	6.852180144745328e-01	2.800876463396259e-02
8.167839856634156e-03	7.171540451176704e-01	2.661827654036031e-02
8.373231107851462e-03	7.079200622497264e-01	2.496597127735130e-02
8.583787196628889e-03	6.617094832633252e-01	2.237008711804437e-02
8.799637999710772e-03	6.667600945945806e-01	2.124450574659763e-02
9.020916659765787e-03	6.875615886510266e-01	2.046312513768823e-02
9.247759667512984e-03	7.039797103306150e-01	1.966588125573233e-02
9.480306945912998e-03	6.915482041709173e-01	1.850725199139546e-02
9.718701936476341e-03	7.079834532828707e-01	1.762137503631335e-02
9.963091687742044e-03	7.172613431078307e-01	1.699498431043647e-02
1.021362694598122e-02	6.754683428002463e-01	1.564235237954950e-02
1.047046224818147e-02	6.602351966547514e-01	1.473290324144346e-02
1.073375601736952e-02	6.126846462702225e-01	1.337003296652827e-02
1.100367066033086e-02	5.758168520667793e-01	1.535539476628772e-02
1.128037266778670e-02	5.781380770275214e-01	1.687718070594528e-02
1.156403271708999e-02	4.987581533413766e-01	1.388548099903834e-02
1.185482577750385e-02	4.607987000118978e-01	1.281942186435398e-02
1.215293121812742e-02	4.213293025713845e-01	1.164406600498506e-02
1.245853291853559e-02	3.690137691296645e-01	1.005587072127559e-02
1.277181938220097e-02	3.287989596101717e-01	8.974484416331361e-03
1.309298385276794e-02	2.747145126089347e-01	7.733473468073521e-03
1.342222443325064e-02	2.182055181306988e-01	6.294225975534195e-03
1.375974420822831e-02	1.863966804638083e-01	5.505635661022416e-03
1.410575136911340e-02	1.423914084341954e-01	4.509229370736100e-03
1.446045934256972e-02	1.101714636337246e-01	3.743974863773578e-03
1.482408692215981e-02	9.305133599711786e-02	3.248294777895273e-03
1.519685840330283e-02	7.189263745146740e-02	2.713712705701359e-03
1.557900372162606e-02	4.894753595274458e-02	2.079179058108924e-03
1.597075859479547e-02	4.062793484890716e-02	1.810058675605814e-03
1.637236466791287e-02	3.329048534729852e-02	1.558974817768079e-03
1.678406966256912e-02	2.617032461811370e-02	1.334351768795613e-03
1.720612752964562e-02	1.762692136589724e-02	1.036074391521102e-03
1.763879860595817e-02	1.349705483694676e-02	8.559369043523647e-04
1.808234977483977e-02	1.236500995961487e-02	7.882265549953746e-04
1.853705463076159e-02	9.544276839141398e-03	6.670580348590389e-04
1.900319364809348e-02	8.330633614462422e-03	5.945088768496883e-04
1.948105435410823e-02	6.812090284727166e-03	5.204684413167302e-04
1.997093150633627e-02	6.153542098743906e-03	4.771661630825848e-04
2.047312727438012e-02	4.480790309798133e-03	3.944222513875108e-04
2.098795142630085e-02	4.089210052904991e-03	3.625105067784840e-04
2.151572151969154e-02	4.336462501087396e-03	3.595291592945556e-04
2.205676309755538e-02	3.415827065524011e-03	3.095670327702132e-04
2.261140988910957e-02	2.927154015585407e-03	2.789964586353169e-04
2.318000401563856e-02	2.830841206699045e-03	2.712768256933267e-04
2.376289620152381e-02	2.232461271328457e-03	2.399662253765819e-04
2.436044599058018e-02	2.071629803043683e-03	2.248044740755283e-04
2.497302196783235e-02	1.442844683441350e-03	1.902340296081800e-04
2.560100198686813e-02	1.549080707820789e-03	1.930788576732106e-04
2.624477340290889e-02	1.028341740413407e-03	1.580528886624721e-04
2.690473331174083e-02	1.477190159706383e-03	1.891957596663212e-04
2.758128879465447e-02	1.085353230162024e-03	1.663635296213542e-04
2.827485716954354e-02	8.577055242426283e-04	1.473327917339832e-04
2.898586624831804e-02	7.832257197073696e-04	1.380377402953151e-04
2.971475460079032e-02	6.819885519184105e-04	1.258498206236735e-04
3.046197182519689e-02	4.437906444713050e-04	1.056459148351006e-04
3.122797882552289e-02	6.368132721212603e-04	1.175981020449176e-04
3.201324809580028e-02	4.033396498704499e-04	9.687080948510683e-05
3.281826401155502e-02	3.497478914055926e-04	9.229006809490925e-05
3.364352312858316e-02	4.543407876049199e-04	9.735169085821891e-05
3.448953448923998e-02	2.952354651152080e-04	8.638407944521654e-05
3.535681993643122e-02	3.901844699445349e-04	9.169166431184985e-05
3.624591443550005e-02	7.450517023221306e-05	5.563351743366159e-05
3.715736640420828e-02	1.593633804925519e-04	7.339715427286979e-05
3.809173805101541e-02	1.697041832967720e-04	6.779747939174673e-05
3.904960572186419e-02	7.383927744498975e-05	5.767630344713546e-05
4.003156025568646e-02	1.965933240391596e-05	4.967890300249166e-05
4.103820734884882e-02	1.227297002643025e-04	6.470642720739331e-05
4.207016792876262e-02	1.410731876119062e-04	6.761847964110940e-05
4.312807853688901e-02	1.485251416856316e-04	6.489308959766142e-05
4.421259172137498e-02	1.611397774909120e-04	6.125160863380918e-05
4.532437643956303e-02	4.113989480647019e-06	4.993940266085665e-05
4.646411847062217e-02	4.137959882962662e-05	5.575918660808672e-05
4.763252083855533e-02	1.109628200725046e-04	7.582588263435590e-05
4.883030424584374e-02	1.747081761723420e-04	8.531732541360945e-05
5.005820751799585e-02	3.742759791789603e-05	6.055503116988113e-05
5.131698805927516e-02	-3.231345871063565e-06	5.635505042307204e-05
5.260742231988780e-02	1.969590348210294e-04	1.030212345358235e-04
5.393030627491817e-02	2.890089306764942e-05	7.298507192662294e-05
5.528645591530822e-02	-1.018484264481092e-04	7.521726931233832e-06
5.667670775118284e-02	6.667258773029304e-05	9.676594920961651e-05
5.810191932783219e-02	4.751852013738157e-05	8.413340155411272e-05
5.956296975466905e-02	-1.414114130857139e-04	1.019589893843199e-05
6.106076024748747e-02	-8.714027158837917e-05	6.654794741052599e-05
6.259621468435732e-02	2.658324259717699e-05	8.569994990202594e-05
6.417028017549750e-02	-3.982839914912286e-05	6.721837007390900e-05
6.578392764747938e-02	-1.405828662338998e-04	7.529562372788628e-05
6.743815244212079e-02	3.453605317635975e-04	1.723619624370883e-04
6.913397493044005e-02	1.350519142209469e-04	1.138401305867686e-04
7.087244114204869e-02	8.912165827493616e-05	1.216737286151034e-04
7.240294815333259e-02	1.927368928026246e-05	1.205613046374873e-04
