6.532015640970869e-03	2.763363608781309e-01	3.062616072531957e-02
6.696661146173266e-03	2.705694320721205e-01	2.849592704988001e-02
6.865456693854638e-03	2.657307061880244e-01	2.415066834558958e-02
7.038506889680081e-03	2.639568494531451e-01	2.120537628214012e-02
7.215918975997390e-03	2.983499517736019e-01	2.063157905620886e-02
7.397802898297071e-03	2.859961167223513e-01	1.836558836233806e-02
7.584271373347575e-03	3.371004211918556e-01	1.830850773104021e-02
7.775439959047913e-03	3.100601975845622e-01	1.634001281687634e-02
7.971427126040990e-03	3.409387991652664e-01	1.586155119493927e-02
8.172354331132010e-03	3.551727405540709e-01	1.509380552313879e-02
8.378346092557469e-03	3.621535526930469e-01	1.438497864124684e-02
8.589530067151355e-03	3.745599568131494e-01	1.364685912768908e-02
8.806037129456417e-03	3.981252900364308e-01	1.343737749223986e-02
9.028001452829486e-03	3.831550926041761e-01	1.242737774941057e-02
9.255560592591153e-03	3.820892232714116e-01	1.174592187482881e-02
9.488855571271281e-03	3.939269117932672e-01	1.137019814014768e-02
9.728030966003241e-03	3.872306835995439e-01	1.060024119915120e-02
9.973234998120976e-03	3.928082732445137e-01	1.024381054115848e-02
1.022461962501446e-02	3.531962257193512e-01	9.180312100141395e-03
1.048234063430044e-02	3.206649884295137e-01	8.323607198467460e-03
1.074655774036688e-02	2.778472272906896e-01	7.287483091831787e-03
1.101743468335081e-02	2.678561665125075e-01	8.169370991856911e-03
1.129513933061113e-02	2.611190012356129e-01	8.524682352571774e-03
1.157984378075901e-02	2.154234979627671e-01	6.892385705987915e-03
1.187172447031053e-02	2.062807661150471e-01	6.439835134559398e-03
1.217096228302762e-02	1.829502659676896e-01	5.789387821463572e-03
1.247774266201498e-02	1.690029214652271e-01	5.249461230941902e-03
1.279225572464255e-02	1.420725398949765e-01	4.543337401385438e-03
1.311469638036471e-02	1.300570016957621e-01	4.124728469776353e-03
1.344526445150917e-02	1.120150765099617e-01	3.586793267921515e-03
1.378416479711054e-02	9.145663432489937e-02	3.065235688667803e-03
1.413160743986515e-02	8.102138785757956e-02	2.756304480364737e-03
1.448780769628595e-02	6.850388153292546e-02	2.412549661969261e-03
1.485298631013808e-02	6.252843606651640e-02	2.188902485506147e-03
1.522736958923775e-02	4.900901450710483e-02	1.848017788077030e-03
1.561118954569930e-02	4.422111484683018e-02	1.645443195896130e-03
1.600468403971739e-02	3.673255508878650e-02	1.427822515184711e-03
1.640809692697317e-02	2.981749079597947e-02	1.231270577331982e-03
1.682167820975618e-02	2.383554465471411e-02	1.051709862694320e-03
1.724568419189523e-02	1.894068478911405e-02	8.911571665987769e-04
1.768037763759456e-02	1.765947728753966e-02	8.147550101281629e-04
1.812602793427362e-02	1.291733731196562e-02	6.684560652849938e-04
1.858291125951129e-02	1.137932556351020e-02	5.955778958449214e-04
1.905131075219817e-02	8.437471549177573e-03	4.946032028939186e-04
1.953151668800290e-02	7.872303339163972e-03	4.610050616842152e-04
2.002382665926122e-02	6.654708581579307e-03	4.068576749884716e-04
2.052854575939939e-02	4.612050540150165e-03	3.272384889087290e-04
2.104598677200610e-02	3.820197698639708e-03	2.875899017598888e-04
2.157647036467014e-02	3.496597425707902e-03	2.650846048682952e-04
2.212032528770392e-02	2.840306912484823e-03	2.333320973253094e-04
2.267788857787603e-02	2.156752144549245e-03	1.963484984623104e-04
2.324950576727900e-02	2.016302437949251e-03	1.883958257833356e-04
2.383553109746189e-02	1.649695503726329e-03	1.682239593025691e-04
2.443632773896009e-02	1.464737143868901e-03	1.543428001255358e-04
2.505226801635882e-02	1.204308638405641e-03	1.405145801801936e-04
2.568373363902934e-02	9.844602010561701e-04	1.274811125386598e-04
2.633111593768122e-02	9.618420633371090e-04	1.257951068395648e-04
2.699481610687709e-02	5.041611497493307e-04	9.714672735130979e-05
2.767524545366016e-02	4.637573392990980e-04	8.974991075567628e-05
2.837282565244868e-02	3.516695621847887e-04	8.144722656873290e-05
2.908798900635526e-02	3.996575687536721e-04	8.227926603202433e-05
2.982117871509290e-02	3.247111050631558e-04	7.416712186447463e-05
3.057284914963394e-02	3.264504940859612e-04	6.995048441167252e-05
3.134346613379198e-02	2.932527507646281e-04	6.639772861525667e-05
3.213350723290138e-02	2.222814092421461e-04	5.754245923901921e-05
3.294346204977312e-02	1.003463395013403e-04	4.846473611294321e-05
3.377383252811060e-02	1.283663599902965e-04	5.068228034574422e-05
3.462513326357324e-02	7.886040356980844e-05	4.213242252926909e-05
3.549789182268073e-02	9.926397412843775e-05	4.444973178306064e-05
3.639264906975564e-02	2.323645410458209e-04	5.601554568042904e-05
3.730995950210679e-02	8.728381780342669e-05	4.259247621363064e-05
3.825039159366135e-02	8.927236606449666e-05	4.144664716297281e-05
3.921452814725843e-02	7.285842700301654e-05	4.199932141501117e-05
4.020296665582258e-02	1.242356144585475e-04	4.837924722492581e-05
4.121631967264101e-02	1.406605397240963e-04	4.828584200904292e-05
4.225521519097399e-02	6.651389287490863e-05	3.747475085348162e-05
4.332029703323360e-02	7.573975711571787e-05	3.902085156963459e-05
4.441222524997231e-02	8.291003568413534e-05	4.022480105810236e-05
4.553167652892813e-02	8.575694817023141e-05	4.513567015105725e-05
4.667934461438043e-02	-3.207566665731147e-07	4.079780660475617e-05
4.785594073707574e-02	9.977979275190566e-05	4.816093200362166e-05
4.906219405499043e-02	8.620842041098966e-05	5.282255008036962e-05
5.029885210520314e-02	-3.431499305462759e-05	3.639548738044567e-05
5.156668126715704e-02	1.752728078091536e-05	4.158327845168908e-05
5.286646723759909e-02	6.692794359587310e-05	6.396369445783946e-05
5.419901551749065e-02	-1.312944085261160e-06	4.915441245313079e-05
5.556515191119094e-02	5.048015609838256e-05	6.576294080415721e-05
5.696572303822305e-02	-4.954844059262699e-05	3.209356980229347e-05
5.840159685793944e-02	4.219292567162368e-05	4.577541983529684e-05
5.987366320741208e-02	9.218973421183613e-06	6.509094645381863e-05
6.138283435288064e-02	-6.124205998174110e-05	5.684062464355508e-06
6.293004555510044e-02	-5.027017233618159e-06	4.512436266641994e-05
6.451625564894053e-02	4.538669078228663e-05	8.192389897712073e-05
6.614244763759107e-02	-2.570497631016091e-05	4.026543063061897e-06
6.780962930174822e-02	3.764800202576322e-06	6.759291828859057e-05
6.951883382415414e-02	3.546538004426987e-05	6.974352474254401e-05
7.127112042987913e-02	-7.413842116923482e-05	7.539863484624887e-06
7.260579852766104e-02	0.000000000000000e+00	0.000000000000000e+00
