3.003950474493751e-02	1.457969692257224e-03	2.957060332115592e-04
3.079558954958845e-02	1.554402727122373e-03	2.895176278089101e-04
3.157070476891094e-02	1.267393924594705e-03	2.132338132749723e-04
3.236532939240502e-02	1.332177033103238e-03	1.925594184591369e-04
3.317995446558450e-02	1.350470330766199e-03	1.809826188728824e-04
3.401508339342298e-02	8.105568972899321e-04	1.266182108625796e-04
3.487123225143755e-02	8.177728832185425e-04	1.189114696317462e-04
3.574893010460237e-02	8.636643710268402e-04	1.093034593740775e-04
3.664871933428911e-02	6.772786704006998e-04	9.098113711186411e-05
3.757115597343653e-02	6.898119865817215e-04	8.583932156321685e-05
3.851681005015606e-02	5.139099329208815e-04	7.014242149037058e-05
3.948626593998585e-02	6.521980865672871e-04	7.321218751151003e-05
4.048012272701097e-02	5.624304828809600e-04	6.424139497808730e-05
4.149899457407284e-02	5.324714141270843e-04	5.852816980396805e-05
4.254351110229677e-02	4.676869234826906e-04	5.215678677259824e-05
4.361431778017204e-02	4.697529012803441e-04	4.986370751311221e-05
4.471207632242507e-02	4.093372216789713e-04	4.444831572984081e-05
4.583746509893198e-02	4.589954900157340e-04	4.494711466891768e-05
4.699117955392348e-02	3.600282235419004e-04	3.747399941211565e-05
4.817393263574096e-02	3.735460809047479e-04	3.638553840177851e-05
4.938645523740937e-02	2.735988131520202e-04	3.027332494990362e-05
5.062949664829920e-02	3.086498011802536e-04	3.070683994055438e-05
5.190382501715675e-02	2.991035039629272e-04	3.025669928645722e-05
5.321022782678854e-02	3.046105083177610e-04	2.793328891929251e-05
5.454951238069349e-02	2.469581655407814e-04	2.433923602630597e-05
5.592250630194352e-02	2.636764705266355e-04	2.473633014717678e-05
5.733005804462070e-02	2.283015678928454e-04	2.206425420222779e-05
5.877303741812716e-02	2.221118843961701e-04	2.092686104679940e-05
6.025233612469176e-02	1.846426692058305e-04	1.849613964886141e-05
6.176886831040557e-02	1.938342313509135e-04	1.790170826866011e-05
6.332357113012677e-02	1.659467400540339e-04	1.614558195269109e-05
6.491740532660402e-02	1.626014094784189e-04	1.524690919173681e-05
6.655135582417615e-02	1.135287282739529e-04	1.252552555465261e-05
6.822643233741520e-02	1.395260590738378e-04	1.317807417696515e-05
6.994366999508858e-02	1.364336127892325e-04	1.249158537298986e-05
7.170412997982648e-02	9.811528558685476e-05	1.012692864527479e-05
7.350890018388916e-02	1.086314037026311e-04	1.037730460621185e-05
7.535909588143999e-02	8.585749852914428e-05	8.853408311608977e-06
7.725586041773923e-02	7.699300636717381e-05	8.095450561291184e-06
7.920036591568459e-02	7.374252054772503e-05	7.588095471758269e-06
8.119381400013530e-02	7.702035602056065e-05	7.294423690293668e-06
8.323743654046706e-02	5.811100420449641e-05	6.269180170471461e-06
8.533249641181698e-02	5.649365827454066e-05	5.917177125558916e-06
8.748028827548873e-02	5.227590715945827e-05	5.425239839405484e-06
8.968213937900027e-02	4.565774281167617e-05	5.025512473324049e-06
9.193941037626854e-02	4.694204027843734e-05	4.905355401272778e-06
9.425349616843789e-02	3.868533457094734e-05	4.279866263262302e-06
9.662582676587197e-02	3.162570572941269e-05	3.869291318701927e-06
9.905786817184163e-02	2.879193667949247e-05	3.581894650837989e-06
1.015511232884549e-01	2.631205212818328e-05	3.531254590973823e-06
1.041071328453893e-01	3.356617430221013e-05	4.214937505602238e-06
1.067274763519993e-01	2.270260692214334e-05	5.358231385754684e-06
1.094137730733887e-01	1.545893598452600e-05	2.662551663041892e-06
1.121676830310506e-01	1.628006794571740e-05	2.606571999436584e-06
1.149909080286922e-01	1.634175962615262e-05	2.567402205089455e-06
1.178851927038802e-01	1.273962582038464e-05	2.410060404911008e-06
1.208523256061552e-01	1.153570979428805e-05	2.408360445992783e-06
1.238941403022827e-01	6.943449062990800e-06	2.225128736708378e-06
1.270125165093217e-01	6.009181676811806e-06	1.905850935379431e-06
1.302093812562133e-01	3.500634913401465e-06	1.711619369508893e-06
1.334867100746059e-01	5.204881302750574e-06	1.785033909498947e-06
1.368465282196525e-01	3.617667076042108e-06	1.561558829997995e-06
1.402909119215361e-01	3.451101932101212e-06	1.611053014281697e-06
1.438219896684944e-01	4.573752142706958e-06	1.688458063988833e-06
1.474419435221390e-01	3.288548825625935e-06	1.499388333501180e-06
1.511530104658801e-01	2.648462876247186e-06	1.454679550820065e-06
1.549574837872906e-01	1.612529310667085e-06	1.400412266087027e-06
1.588577144952639e-01	-1.043630878794457e-06	1.219684191890753e-06
1.628561127728416e-01	2.591619770342044e-07	1.183844407903669e-06
1.669551494666079e-01	3.495504667296564e-06	1.482907944262246e-06
1.711573576135715e-01	1.423561787992607e-08	1.150031542041864e-06
1.754653340064792e-01	5.219142521503916e-07	1.223257911091559e-06
1.798817407985273e-01	6.214825713644697e-07	1.165484006066482e-06
1.844093071484634e-01	1.638305719216217e-06	1.233310481374803e-06
1.890508309070952e-01	-1.645084162036974e-06	9.924188339703991e-07
1.938091803462476e-01	3.123601383564771e-07	1.177038874977009e-06
1.986872959312373e-01	-6.596308093867859e-07	1.115635667439680e-06
2.036881921379602e-01	1.884680892907068e-06	1.349971857144049e-06
2.088149593157143e-01	-5.062761706023298e-07	1.323818980791738e-06
2.140707655969089e-01	-3.106472765955771e-07	1.536264052079677e-06
2.194588588548410e-01	5.393993833525916e-07	1.330049925290266e-06
2.249825687107481e-01	3.349101768978262e-06	1.562784210236291e-06
2.306453085913781e-01	-4.827728089850935e-07	1.358643152205055e-06
2.364505778383472e-01	-2.637388054230268e-07	1.258725899500096e-06
2.424019638705899e-01	-2.184411412375554e-06	1.371636846730055e-06
2.485031444012372e-01	-6.640887499379374e-08	1.594686736727246e-06
2.547578897102929e-01	1.932219331652320e-06	1.799793985114582e-06
2.611700649745124e-01	2.467928165491067e-06	1.935732752727336e-06
2.677436326559238e-01	-1.436673302720174e-06	1.418193763627561e-06
2.744826549504676e-01	7.079330448497566e-07	1.542617850510274e-06
2.813912962982671e-01	2.509692427475240e-06	2.177368870376601e-06
2.884738259570827e-01	3.229382868655934e-07	2.031898158856545e-06
2.957346206405380e-01	1.503461528329370e-09	1.523544004761298e-06
3.031781672227500e-01	-3.282460097777991e-06	8.424779471608036e-07
3.108090655110340e-01	-2.921038311594150e-06	1.178811633748216e-06
3.186320310883961e-01	9.530257696540108e-07	1.813675890845749e-06
3.266518982275707e-01	2.867729325606117e-06	2.312475490443155e-06
3.334156998614390e-01	-1.061516091717093e-06	1.834018152176199e-06
