6.531919542251160e-03	2.282446852674687e-01	2.327860570629711e-02
6.696368008362871e-03	2.368489679438886e-01	2.233834119073290e-02
6.864956650701734e-03	2.341471016310507e-01	1.915321376062102e-02
7.037789702889362e-03	2.362320395976888e-01	1.633142298073610e-02
7.214974022746750e-03	2.188091881049858e-01	1.456289943507017e-02
7.396619158361454e-03	2.298494086173359e-01	1.343971062211847e-02
7.582837415818102e-03	2.581955141254115e-01	1.265648776411015e-02
7.773743928634091e-03	2.622757962941126e-01	1.201759009363041e-02
7.969456728943404e-03	2.964044941963132e-01	1.166883896159346e-02
8.170096820472567e-03	2.865637426000388e-01	1.081000567419360e-02
8.375788253353847e-03	2.837546882393749e-01	1.000709742273036e-02
8.586658200821974e-03	3.140153124737871e-01	9.765541858650147e-03
8.802837037841767e-03	3.239090988249487e-01	9.325224658009596e-03
9.024458421715325e-03	3.312651594548261e-01	8.940804485392001e-03
9.251659374718573e-03	3.160228603322104e-01	8.195404716909764e-03
9.484580368818288e-03	3.281207507572759e-01	7.950574797266866e-03
9.723365412521976e-03	3.208175947635039e-01	7.337877175975414e-03
9.968162139914277e-03	3.298676643173879e-01	7.130592622000029e-03
1.021912190193498e-02	3.352925503913149e-01	6.803057828671051e-03
1.047639985995506e-02	3.230042897420425e-01	6.343958377050082e-03
1.074015508170857e-02	3.094708637295214e-01	5.851951097584456e-03
1.101055063963979e-02	2.982235905036410e-01	7.222900135595941e-03
1.128775371172632e-02	3.090022500897024e-01	8.275471737463834e-03
1.157193568484053e-02	2.816177553093825e-01	7.046067036946492e-03
1.186327226071323e-02	2.596398802220993e-01	6.407220725391509e-03
1.216194356456513e-02	2.557886564193215e-01	6.195868919100981e-03
1.246813425647323e-02	2.332519887434913e-01	5.476336558553414e-03
1.278203364554092e-02	2.267665792448639e-01	5.155998192658452e-03
1.310383580694247e-02	2.031396353181756e-01	4.608182938269372e-03
1.343373970191432e-02	1.854037888681202e-01	4.067779610965976e-03
1.377194930076716e-02	1.704820013020978e-01	3.681420786220197e-03
1.411867370899508e-02	1.532408523774491e-01	3.286877722042818e-03
1.447412729655961e-02	1.401336086736584e-01	2.977788303536857e-03
1.483852983042862e-02	1.266927664447660e-01	2.657436232101074e-03
1.521210661045214e-02	1.128477113600619e-01	2.369244524158507e-03
1.559508860865883e-02	9.727785812507905e-02	2.022912424656388e-03
1.598771261205956e-02	9.169986346434807e-02	1.889454589921543e-03
1.639022136904617e-02	8.171213856649234e-02	1.673389356531114e-03
1.680286373947594e-02	7.299349767536728e-02	1.494533740363792e-03
1.722589484853467e-02	6.565705665435795e-02	1.341864537782771e-03
1.765957624447343e-02	5.907429348789024e-02	1.188829362720618e-03
1.810417606031648e-02	5.336744911791862e-02	1.077122339081939e-03
1.855996917964038e-02	4.808755124260332e-02	9.713268509679456e-04
1.902723740652680e-02	4.285753243376976e-02	8.682913262613391e-04
1.950626963979408e-02	3.921577819138126e-02	7.969125629959501e-04
1.999736205161519e-02	3.538445861256221e-02	7.242865689561533e-04
2.050081827063274e-02	3.211191365799006e-02	6.613354249757650e-04
2.101694956968402e-02	2.952742617957643e-02	6.077546352350312e-04
2.154607505825221e-02	2.597760843615552e-02	5.476319675985466e-04
2.208852187976285e-02	2.427142979665934e-02	5.124309082038325e-04
2.264462541384742e-02	2.144900823970358e-02	4.631018235787472e-04
2.321472948369915e-02	1.962625313821097e-02	4.356398010612700e-04
2.379918656864924e-02	1.823442081264827e-02	4.114473289454520e-04
2.439835802209491e-02	1.589601359687048e-02	3.762878394474226e-04
2.501261429491407e-02	1.534656915497352e-02	3.659259563719770e-04
2.564233516450471e-02	1.336771703320365e-02	3.377211626015941e-04
2.628790996959056e-02	1.249960706253314e-02	3.226590277570673e-04
2.694973785093829e-02	1.072271500744795e-02	2.993293255556227e-04
2.762822799813507e-02	1.029450385960071e-02	2.914092384600036e-04
2.832379990257896e-02	9.032586129443838e-03	2.650396708598345e-04
2.903688361683869e-02	7.890546173400265e-03	2.442914432168592e-04
2.976792002054303e-02	7.537690330903746e-03	2.335120118184108e-04
3.051736109296434e-02	6.408629538568186e-03	2.100877494084906e-04
3.128567019246460e-02	6.124288560866201e-03	2.029522608136868e-04
3.207332234297694e-02	5.509170003078610e-03	1.885120008006632e-04
3.288080452769951e-02	4.556618272131273e-03	1.689643448959372e-04
3.370861599018358e-02	4.529704138863674e-03	1.682021684564446e-04
3.455726854300176e-02	4.149904499343750e-03	1.592560633895612e-04
3.542728688418735e-02	3.386576997327247e-03	1.413550123937055e-04
3.631920892164041e-02	3.365211656825270e-03	1.401438784649051e-04
3.723358610570109e-02	3.021932172332850e-03	1.323249670538700e-04
3.817098377009587e-02	2.631858751345027e-03	1.243896040995386e-04
3.913198148146754e-02	2.321076482638993e-03	1.164758615632243e-04
4.011717339770499e-02	2.257056426949324e-03	1.157848710467953e-04
4.112716863529428e-02	1.915050273503696e-03	1.072814491082505e-04
4.216259164591834e-02	1.578914354639515e-03	9.841788701614298e-05
4.322408260253782e-02	1.272318030991880e-03	9.067662216111254e-05
4.431229779519212e-02	1.159219208045542e-03	8.880371715572482e-05
4.542791003676503e-02	1.245775432502843e-03	9.671054336374148e-05
4.657160907896606e-02	8.777312829277219e-04	8.647841139429887e-05
4.774410203878453e-02	8.658471358770382e-04	8.864837671488076e-05
4.894611383568018e-02	9.148658647082557e-04	9.443125749630632e-05
5.017838763978046e-02	6.243612554852790e-04	8.478904944121896e-05
5.144168533136177e-02	6.000681157645294e-04	8.879387897511095e-05
5.273678797189862e-02	6.988891942152934e-04	9.982110039977438e-05
5.406449628697202e-02	3.385966336417618e-04	7.505419953738556e-05
5.542563116133557e-02	4.736180762036226e-04	9.182864421300753e-05
5.682103414644549e-02	2.712406975098209e-04	7.928005617178574e-05
5.825156798076822e-02	2.944059741837957e-04	8.348892613720582e-05
5.971811712318738e-02	2.816950869662988e-04	8.127812444749340e-05
6.122158829983986e-02	3.466279247359798e-04	9.393706706490004e-05
6.276291106471911e-02	2.113763227556560e-04	7.909285645634238e-05
6.434303837439226e-02	1.036682476887777e-04	6.562648000907051e-05
6.596294717718640e-02	2.790059744600149e-04	8.937066324178961e-05
6.762363901720830e-02	1.510158116800891e-04	7.410085562965214e-05
6.932614065357098e-02	8.899505407950751e-05	7.134197186348180e-05
7.107150469521002e-02	9.195889715399967e-05	7.079502632124370e-05
7.250423213993884e-02	7.633441402277470e-05	8.678174342406105e-05
