3.003969672579178e-02	1.041254465923623e-03	2.286129354017953e-04
3.079617515883042e-02	1.297146818354622e-03	1.874153640182644e-04
3.157170370495364e-02	7.084087582213290e-04	1.193673207486483e-04
3.236676209602513e-02	4.110017252371372e-04	8.426109812085358e-05
3.318184214481647e-02	4.006319588629725e-04	7.327585949752856e-05
3.401744804923609e-02	2.665065468567148e-04	5.701991159464172e-05
3.487409670421952e-02	1.308145494731612e-04	3.702283588786353e-05
3.575231802147387e-02	1.542169747408516e-04	3.777580852004418e-05
3.665265525727434e-02	1.127150423768188e-04	3.092849965704089e-05
3.757566534851545e-02	8.090626447860591e-05	2.382603163788569e-05
3.852191925722498e-02	1.058177129883717e-04	2.456524177446396e-05
3.949200232375363e-02	1.079794990791095e-04	2.330199027332237e-05
4.048651462885894e-02	1.733927674851800e-04	2.693308877335175e-05
4.150607136490744e-02	1.328592957157097e-04	2.250780269009917e-05
4.255130321642466e-02	9.996669941920017e-05	1.873584426570971e-05
4.362285675022834e-02	1.062481021258911e-04	1.845790246023993e-05
4.472139481538626e-02	8.123050581987507e-05	1.619944984657003e-05
4.584759695324603e-02	7.486846969585274e-05	1.392738766262446e-05
4.700215981779055e-02	4.497639637091066e-05	1.101362550087968e-05
4.818579760657907e-02	2.036764041204825e-05	8.911843444764323e-06
4.939924250254053e-02	3.417469133069178e-05	8.948078788206751e-06
5.064324512689235e-02	4.579073100142260e-05	9.241887735383850e-06
5.191857500346499e-02	3.096164620170935e-05	8.338899553929064e-06
5.322602103471932e-02	2.856206191203034e-05	7.170937974552384e-06
5.456639198975149e-02	2.734482721493349e-05	6.836414446800801e-06
5.594051700458688e-02	2.795433038292481e-05	6.954793429177653e-06
5.734924609507293e-02	2.164588033179583e-05	5.702860492500993e-06
5.879345068268781e-02	3.354559755810961e-05	6.547927354669804e-06
6.027402413359045e-02	2.903826367713478e-05	5.799205301508348e-06
6.179188231124522e-02	1.458354303566486e-05	4.180117814956661e-06
6.334796414296306e-02	1.989521051522780e-05	4.547628695733076e-06
6.494323220070988e-02	1.603731010472141e-05	4.135508419276897e-06
6.657867329654081e-02	1.531371255412661e-05	3.815805679271573e-06
6.825529909302949e-02	6.075410847436981e-06	2.830708791687062e-06
6.997414672906926e-02	6.365704196146556e-06	2.993337310433248e-06
7.173627946143382e-02	9.692816148964705e-06	2.910124617498153e-06
7.354278732249404e-02	5.499976352475796e-06	2.313163216766538e-06
7.539478779449775e-02	2.608791019338951e-06	2.149409309284229e-06
7.729342650082974e-02	6.029199355796324e-06	2.099104789851908e-06
7.923987791467950e-02	3.798347685484761e-06	2.065925027804913e-06
8.123534608555499e-02	4.011904293173849e-06	1.855852234183719e-06
8.328106538409204e-02	5.587131203940418e-06	1.837244791349931e-06
8.537830126561993e-02	6.026650388244878e-06	1.806966736959222e-06
8.752835105295563e-02	7.915212737024433e-07	1.327914584031874e-06
8.973254473891072e-02	2.996365217905294e-06	1.438364733051974e-06
9.199224580900772e-02	2.338723872316485e-06	1.369116080757362e-06
9.430885208491444e-02	2.488882599058933e-06	1.295324240795263e-06
9.668379658911827e-02	-1.047238540938628e-06	1.005396832162837e-06
9.911854843137527e-02	2.907223099074384e-06	1.199855932357348e-06
1.016146137174823e-01	2.487680500987005e-06	1.131313416072655e-06
1.041735364809344e-01	5.584750095091793e-07	1.022855077873336e-06
1.067968996380441e-01	1.849349958163460e-06	1.077454190114326e-06
1.094863259671125e-01	-1.026487422189720e-07	8.370689342139127e-07
1.122434791122589e-01	3.211632147377812e-07	8.494091088415865e-07
1.150700646125294e-01	6.193738923229561e-07	9.149020101196322e-07
1.179678309569214e-01	8.130019994247715e-07	9.537674113758363e-07
1.209385706659757e-01	1.797891031734548e-06	9.561850280023318e-07
1.239841214006068e-01	1.594844642361571e-06	1.027761671954969e-06
1.271063670988557e-01	-9.337005359249385e-07	8.485463748898295e-07
1.303072391412695e-01	5.184167327366063e-07	8.390355619787924e-07
1.335887175456285e-01	1.922078828631786e-06	9.237338386340042e-07
1.369528321917591e-01	-9.971792415445210e-07	7.761417177660057e-07
1.404016640771914e-01	3.226229376980249e-07	7.974744739042389e-07
1.439373466044367e-01	5.791490394034055e-07	8.144361759556204e-07
1.475620669006832e-01	-1.070269681017892e-06	6.445049888303861e-07
1.512780671707235e-01	4.064889455684036e-07	7.459911361700006e-07
1.550876460839543e-01	1.088492389713113e-06	7.602684839223327e-07
1.589931601963026e-01	3.116865573550707e-07	7.382599516367939e-07
1.629970254079607e-01	3.318736932515634e-07	7.298179733779510e-07
1.671017184578312e-01	1.090792370040555e-06	7.339545183580147e-07
1.713097784556045e-01	6.660808927513649e-07	7.193203456609715e-07
1.756238084524195e-01	-1.241111146746748e-07	6.507857644548082e-07
1.800464770510774e-01	-6.445837849832542e-07	6.480114283291696e-07
1.845805200568040e-01	5.222513004575303e-07	6.841131437415100e-07
1.892287421695840e-01	1.150786274039671e-06	7.247548953051662e-07
1.939940187191110e-01	4.520661976835992e-07	6.978049494503000e-07
1.988792974434299e-01	-2.208971022534273e-07	6.352235295604221e-07
2.038876003123686e-01	1.572511895539293e-06	7.463210126504945e-07
2.090220253968897e-01	-1.207982397271408e-07	7.114847015928167e-07
2.142857487855164e-01	-8.991106974110620e-07	7.239711597457523e-07
2.196820265490199e-01	2.317290146069627e-07	7.804659405434193e-07
2.252141967545823e-01	1.328752827259229e-06	9.077516712519198e-07
2.308856815306814e-01	-8.426099257170598e-07	8.634569318736726e-07
2.366999891839749e-01	2.893087263564502e-07	8.906363333776512e-07
2.426607163694934e-01	6.195704414710341e-08	9.275466312858481e-07
2.487715503154839e-01	-1.316760192557408e-06	7.985202928079874e-07
2.550362711042818e-01	6.146284615498428e-07	1.122164177659143e-06
2.614587540106201e-01	-6.505878135315112e-07	1.040466451936106e-06
2.680429718988244e-01	-3.701714539929196e-08	1.128483908401832e-06
2.747929976803746e-01	2.684698936380719e-06	1.391015453751868e-06
2.817130068333552e-01	-1.305004003422096e-06	1.097465206567546e-06
2.888072799853517e-01	3.643257998039402e-07	1.100217875777722e-06
2.960802055613908e-01	-7.255432248096428e-07	9.338935976376903e-07
3.035362824985636e-01	-6.627933842513932e-07	1.066422990474611e-06
3.111801230290088e-01	-3.136144509113349e-07	1.029107500523965e-06
3.190164555329799e-01	5.921498737128054e-07	1.336361696183136e-06
3.270501274637597e-01	5.979287387689517e-06	2.094107796853126e-06
3.336183212464942e-01	1.924840947221896e-06	1.867025437183908e-06
