3.003960076238855e-02	8.475754756220756e-04	1.581748194752396e-04
3.079588243602069e-02	9.038795486086231e-04	1.536272226210940e-04
3.157120437501441e-02	8.313107714069530e-04	1.294863108585449e-04
3.236604594005987e-02	5.122842879607211e-04	8.683825657018641e-05
3.318089856030677e-02	4.516532685235487e-04	7.530323536507490e-05
3.401626603720168e-02	3.944001749577402e-04	6.239566791008073e-05
3.487266485597497e-02	2.558582563257670e-04	4.862344662073783e-05
3.575062450496973e-02	2.157997869286018e-04	4.257593112941760e-05
3.665068780301013e-02	1.619309485413705e-04	3.414794410667912e-05
3.757341123501174e-02	1.693634974296719e-04	3.253827408678252e-05
3.851936529604114e-02	1.770922305319817e-04	3.057947942518197e-05
3.948913484403766e-02	1.096663621702737e-04	2.380485500455928e-05
4.048331946141535e-02	1.171404494249090e-04	2.380846707552614e-05
4.150253382576861e-02	1.227753138887321e-04	2.271118980369401e-05
4.254740808991082e-02	1.156213011003109e-04	2.038941239271045e-05
4.361858827148087e-02	8.546538054629608e-05	1.741727593313646e-05
4.471673665235847e-02	1.029750248428494e-04	1.686566138315903e-05
4.584253218813523e-02	5.189977404070965e-05	1.362437400175291e-05
4.699667092789460e-02	5.846608233906920e-05	1.298448068027456e-05
4.817986644456033e-02	2.838667948208054e-05	1.029945131462077e-05
4.939285027607940e-02	4.657904669131053e-05	1.085378378943962e-05
5.063637237771217e-02	2.586397112003825e-05	8.498673780394885e-06
5.191120158570964e-02	1.676270605512970e-05	8.080163749854078e-06
5.321812609266417e-02	2.535736745517073e-05	7.883588438308300e-06
5.455795393482774e-02	2.447372182725219e-05	7.704989674209303e-06
5.593151349169902e-02	3.004263230937694e-05	7.525931803049939e-06
5.733965399818812e-02	3.703834382803743e-05	7.445138107516070e-06
5.878324606967573e-02	2.879331862132505e-05	6.689319858645284e-06
6.026318224029110e-02	1.676493257997234e-05	5.684845834902726e-06
6.178037751474194e-02	2.079114792577918e-05	5.696750992334691e-06
6.333576993403717e-02	2.107696816962529e-05	5.390993278992514e-06
6.493032115545243e-02	1.658186397374745e-05	4.760435344590054e-06
6.656501704709693e-02	1.752979193019054e-05	4.735861288772044e-06
6.824086829744913e-02	1.112596093603627e-05	4.247805903131575e-06
6.995891104023828e-02	1.304412372770595e-05	4.165279939646774e-06
7.172020749505795e-02	6.852954102216860e-06	3.344720074318100e-06
7.352584662410785e-02	5.490764157113548e-06	3.065183043884755e-06
7.537694480546993e-02	7.272386197048218e-06	3.004377361618715e-06
7.727464652333474e-02	3.360318765541155e-06	2.686812866256720e-06
7.922012507560536e-02	8.789366326333175e-06	2.876970007433813e-06
8.121458329931586e-02	1.867318006407429e-06	2.346732956422878e-06
8.325925431431302e-02	4.371690297532945e-06	2.314610925596066e-06
8.535540228566130e-02	8.163568471928067e-06	2.304917428784570e-06
8.750432320524182e-02	2.345595642943014e-06	1.880103716437590e-06
8.970734569302956e-02	-1.609063577616386e-06	1.552703179895003e-06
9.196583181854311e-02	5.111055553599107e-06	1.922214775979396e-06
9.428117794297572e-02	4.822435429359769e-07	1.680992456062616e-06
9.665481558252778e-02	7.701860506459149e-07	1.553703496157008e-06
9.908821229347486e-02	1.690020764687684e-06	1.627665972583778e-06
1.015828725795181e-01	-1.137295893127604e-06	1.671107365080093e-06
1.041403388219786e-01	3.803146574688812e-06	2.482366098580038e-06
1.067621922334099e-01	2.301386393860453e-06	3.213763781512478e-06
1.094500538352196e-01	-1.175989019130129e-06	1.221036568136196e-06
1.122055854599031e-01	1.536870697815925e-06	1.302484621723928e-06
1.150304907785097e-01	4.317461916352070e-06	1.397133900732692e-06
1.179265163539767e-01	1.933189659658597e-06	1.322141723690139e-06
1.208954527209826e-01	-4.354199022911256e-07	1.246818346191357e-06
1.239391354929859e-01	1.315234797116322e-06	1.430473530035194e-06
1.270594464971360e-01	-1.496689943535506e-06	1.051184334366490e-06
1.302583149377559e-01	1.086982645355817e-06	1.174489710016128e-06
1.335377185891177e-01	1.503357299974555e-06	1.166368551307332e-06
1.368996850182470e-01	2.883421362073161e-06	1.186193263945608e-06
1.403462928385128e-01	5.446438478819407e-08	1.031664209890678e-06
1.438796729947788e-01	8.224332019666575e-07	1.040904481977266e-06
1.475020100809086e-01	8.743360077780455e-07	1.021593455634594e-06
1.512155436904420e-01	-7.811737620912451e-08	9.668626548649920e-07
1.550225698012746e-01	6.567106606380578e-07	9.494749976110743e-07
1.589254421951999e-01	-2.233849200000118e-07	9.509083383676788e-07
1.629265739131887e-01	-4.136846044913493e-08	8.942549074521146e-07
1.670284387473077e-01	-1.176187792390334e-06	8.893237628089879e-07
1.712335727701985e-01	2.406105556461059e-06	9.779184214876710e-07
1.755445759030629e-01	-8.206947429932017e-07	8.775353670385898e-07
1.799641135231247e-01	4.367089602105115e-07	9.234472628008568e-07
1.844949181115599e-01	-3.903259182250259e-07	8.881651375049182e-07
1.891397909429171e-01	6.283352089334253e-07	9.265030570672254e-07
1.939016038170695e-01	2.450407365849793e-06	9.732539797747953e-07
1.987833008347721e-01	-8.818626237076787e-08	8.862500144874210e-07
2.037879002179194e-01	-1.191030774085757e-06	8.709561983783927e-07
2.089184961756312e-01	4.211939185720528e-07	1.046391064755314e-06
2.141782608173185e-01	2.371134844791456e-06	1.220529620592888e-06
2.195704461139137e-01	9.823266245883759e-07	1.119312959012461e-06
2.250983859084765e-01	1.370596188336952e-06	1.111285983016551e-06
2.307654979774192e-01	4.139338486100937e-07	1.124733179112563e-06
2.365752861436265e-01	9.894254865414240e-07	1.225766953950948e-06
2.425313424427741e-01	1.949160987386217e-06	1.258136262431695e-06
2.486373493441882e-01	1.092195746778143e-06	1.435309224745872e-06
2.548970820276172e-01	-5.653343295439111e-07	1.250400153806142e-06
2.613144107173233e-01	-1.718485527530486e-06	1.139621071355205e-06
2.678933030749386e-01	9.659847834928003e-07	1.494700659078786e-06
2.746378266525630e-01	5.966102964531786e-07	1.361245640441385e-06
2.815521514076227e-01	5.848968834626045e-07	1.520281962411123e-06
2.886405522810421e-01	4.176975830933512e-07	1.566073835369699e-06
2.959074118403251e-01	-2.496726052972704e-06	1.096493242689233e-06
3.033572229891788e-01	-1.539787499485558e-06	1.244800468843404e-06
3.109945917453543e-01	8.852536175786029e-07	1.565664584666687e-06
3.188242400884242e-01	-2.120169056058086e-06	1.229415620994270e-06
3.268510088792554e-01	-6.931315880088679e-07	1.327047568995979e-06
3.335170083787700e-01	-3.317814083950107e-06	1.331486090916307e-06
