6.531823442980892e-03	5.830585766542473e-01	5.763371136462572e-02
6.696074874599584e-03	6.320583885652159e-01	5.465914311209553e-02
6.864456628022639e-03	5.003170746026949e-01	4.164890845739180e-02
7.037072565712864e-03	6.083953651208051e-01	4.057179335671658e-02
7.214029161893527e-03	5.892788924285889e-01	3.571598096530853e-02
7.395435568224567e-03	6.048620837754159e-01	3.288736915075066e-02
7.581403681130316e-03	6.199598222655728e-01	3.079769224202014e-02
7.772048210820265e-03	6.363388050799091e-01	2.901710164936928e-02
7.967486752045462e-03	6.230515040121191e-01	2.655685958184347e-02
8.167839856634156e-03	7.154224710935881e-01	2.673970745656616e-02
8.373231107851462e-03	6.708498665043291e-01	2.410979757117582e-02
8.583787196628889e-03	6.462769845300078e-01	2.218838594591932e-02
8.799637999710772e-03	7.180530799808489e-01	2.228134542486433e-02
9.020916659765787e-03	6.767790671542269e-01	2.027230235625828e-02
9.247759667512984e-03	7.360113115376494e-01	2.009244045507812e-02
9.480306945912998e-03	6.915941750249618e-01	1.854569221715949e-02
9.718701936476341e-03	7.188062217078273e-01	1.778891901802773e-02
9.963091687742044e-03	7.051079457731294e-01	1.693437263249952e-02
1.021362694598122e-02	6.569890140678842e-01	1.543382208416906e-02
1.047046224818147e-02	6.483482305527304e-01	1.464137382274776e-02
1.073375601736952e-02	6.118862066436528e-01	1.343595173472797e-02
1.100367066033086e-02	5.534376881328090e-01	1.500176175300758e-02
1.128037266778670e-02	5.593814272309470e-01	1.648963265958455e-02
1.156403271708999e-02	4.789098823442042e-01	1.352858680779974e-02
1.185482577750385e-02	4.453883719405223e-01	1.252390225680515e-02
1.215293121812742e-02	4.082079781659267e-01	1.139634185850210e-02
1.245853291853559e-02	3.478122171589574e-01	9.710313094762035e-03
1.277181938220097e-02	3.066633662866358e-01	8.533451911707067e-03
1.309298385276794e-02	2.677857334635492e-01	7.594193755111756e-03
1.342222443325064e-02	2.172356585307445e-01	6.291939205506274e-03
1.375974420822831e-02	1.728516439060660e-01	5.273594105642700e-03
1.410575136911340e-02	1.464593169309746e-01	4.581630220611313e-03
1.446045934256972e-02	1.116655063893768e-01	3.788736309735897e-03
1.482408692215981e-02	8.901581657591205e-02	3.175919742343687e-03
1.519685840330283e-02	6.862406150993772e-02	2.645546064611592e-03
1.557900372162606e-02	5.544606938206214e-02	2.233646923978488e-03
1.597075859479547e-02	4.323989377551003e-02	1.889763931026612e-03
1.637236466791287e-02	3.134097550514418e-02	1.519296540356053e-03
1.678406966256912e-02	2.628233733985432e-02	1.343062496673439e-03
1.720612752964562e-02	2.036453986709157e-02	1.120651990012125e-03
1.763879860595817e-02	1.696396533713181e-02	9.648165783602221e-04
1.808234977483977e-02	1.160741871488944e-02	7.638748353270286e-04
1.853705463076159e-02	1.072144846740463e-02	7.078932901037313e-04
1.900319364809348e-02	7.863750631297042e-03	5.781939944938413e-04
1.948105435410823e-02	7.694024976122141e-03	5.533417652751823e-04
1.997093150633627e-02	6.354745212693091e-03	4.865622019983560e-04
2.047312727438012e-02	5.462194146888442e-03	4.339958142532576e-04
2.098795142630085e-02	4.828480534149343e-03	3.952902201677343e-04
2.151572151969154e-02	3.566159872427122e-03	3.270366849242955e-04
2.205676309755538e-02	3.534229111929963e-03	3.165435544130322e-04
2.261140988910957e-02	2.771658733611379e-03	2.719629775890986e-04
2.318000401563856e-02	2.007806509261175e-03	2.287438733160150e-04
2.376289620152381e-02	1.976503145669896e-03	2.268848779976635e-04
2.436044599058018e-02	1.484146895345722e-03	1.921765718446671e-04
2.497302196783235e-02	1.667000001901102e-03	2.023196876791694e-04
2.560100198686813e-02	1.490603585273660e-03	1.914223799488867e-04
2.624477340290889e-02	1.061056440442930e-03	1.647935070144411e-04
2.690473331174083e-02	9.772319843865515e-04	1.610916473374741e-04
2.758128879465447e-02	8.567847961567138e-04	1.444813515909068e-04
2.827485716954354e-02	7.087361446520056e-04	1.375668338695120e-04
2.898586624831804e-02	5.796762831094927e-04	1.229406657975737e-04
2.971475460079032e-02	5.170958467013380e-04	1.149947441548509e-04
3.046197182519689e-02	6.356009913410782e-04	1.185798015148794e-04
3.122797882552289e-02	4.035785288015821e-04	9.530013241356804e-05
3.201324809580028e-02	4.223030241998980e-04	1.004161251177431e-04
3.281826401155502e-02	3.570247995298077e-04	9.475768333505044e-05
3.364352312858316e-02	3.807481912489313e-04	9.299849663852527e-05
3.448953448923998e-02	2.178354337467809e-04	7.519597749453617e-05
3.535681993643122e-02	3.779896014942821e-04	8.704720900279356e-05
3.624591443550005e-02	4.270218408593872e-04	9.249058034653284e-05
3.715736640420828e-02	1.910931530303330e-04	6.592606148395860e-05
3.809173805101541e-02	3.783395334064009e-04	8.925448867177344e-05
3.904960572186419e-02	1.643128398849227e-04	6.855993509264074e-05
4.003156025568646e-02	2.070784808567362e-04	7.683055084352915e-05
4.103820734884882e-02	9.417837703710532e-05	6.244033106681896e-05
4.207016792876262e-02	1.650360965944781e-04	6.977673132379532e-05
4.312807853688901e-02	1.499683245727221e-04	6.419405141251773e-05
4.421259172137498e-02	8.849028812300541e-05	5.618786645341271e-05
4.532437643956303e-02	1.325056385592245e-04	6.978280744950159e-05
4.646411847062217e-02	8.737821380226952e-05	6.171822470434523e-05
4.763252083855533e-02	8.000498141515529e-05	6.561815361905601e-05
4.883030424584374e-02	1.108098543049155e-04	7.922207625358985e-05
5.005820751799585e-02	9.699899193281325e-05	7.446035738491957e-05
5.131698805927516e-02	-3.665487789254593e-05	6.036534968359898e-05
5.260742231988780e-02	-1.287253938932176e-05	6.454079526049568e-05
5.393030627491817e-02	5.245640580093857e-05	8.555477014522907e-05
5.528645591530822e-02	-8.231629256094966e-05	5.263376117541548e-05
5.667670775118284e-02	-1.796404161946097e-05	6.148732498958178e-05
5.810191932783219e-02	7.144918000479663e-05	1.066504888867738e-04
5.956296975466905e-02	4.043581267762423e-05	7.462725916470868e-05
6.106076024748747e-02	1.807866574389645e-04	1.244903892372172e-04
6.259621468435732e-02	-4.071074218686336e-05	6.140953863607400e-05
6.417028017549750e-02	-9.464291674336371e-06	6.943745516614386e-05
6.578392764747938e-02	-1.125919126441104e-04	1.045349155330877e-05
6.743815244212079e-02	-8.529159470364446e-05	3.643980563133117e-05
6.913397493044005e-02	1.455585325018773e-04	1.394498036901185e-04
7.087244114204869e-02	-3.916759648993408e-05	6.552354241481006e-06
7.240294815333259e-02	8.608904251235663e-05	1.209791394622431e-04
