6.531823447273124e-03	7.236014022469813e-01	7.499753899790133e-02
6.696074887692147e-03	7.303258977778669e-01	5.803724669152128e-02
6.864456650355410e-03	6.872201541297150e-01	4.828643332641301e-02
7.037072597742279e-03	6.827088355247196e-01	4.222132890732572e-02
7.214029204093135e-03	6.758375853070463e-01	3.837585839342719e-02
7.395435621085600e-03	7.632038975710351e-01	3.752146642290431e-02
7.581403745162281e-03	7.034618329086110e-01	3.253451154523928e-02
7.772048286551553e-03	6.962257014820081e-01	3.023770769056013e-02
7.967486840023972e-03	7.104704257693069e-01	2.820748419202687e-02
8.167839957427946e-03	7.373175821886827e-01	2.697941662837402e-02
8.373231222049415e-03	7.169088138648110e-01	2.482346544980241e-02
8.583787324841401e-03	7.758905840716996e-01	2.431176474860456e-02
8.799638142570461e-03	7.501335043206977e-01	2.257464675345140e-02
9.020916817928222e-03	7.571990223675300e-01	2.152784334828489e-02
9.247759841657448e-03	7.599298587205944e-01	2.046056794789436e-02
9.480307136743256e-03	7.334386085477134e-01	1.907372319077703e-02
9.718702144721449e-03	7.018123794562623e-01	1.745560964796120e-02
9.963091914157174e-03	6.527723677608598e-01	1.615317199743085e-02
1.021362719134851e-02	5.584808133752410e-01	1.408025772679659e-02
1.047046251331090e-02	4.834975424471691e-01	1.244961368198568e-02
1.073375630309983e-02	4.087616940565902e-01	1.077650919828752e-02
1.100367096753047e-02	3.677081525362991e-01	1.124544556742858e-02
1.128037299735468e-02	3.600318570358810e-01	1.199830851471145e-02
1.156403306995705e-02	2.975477557799622e-01	9.796803955473422e-03
1.185482615463337e-02	2.641662993890353e-01	8.714511065771272e-03
1.215293162051649e-02	2.550766107792702e-01	8.277596635536075e-03
1.245853334721610e-02	2.183519514144135e-01	7.093904742537548e-03
1.277181983824075e-02	1.940685618061520e-01	6.388144014032988e-03
1.309298433727188e-02	1.820169558721597e-01	5.988338692734275e-03
1.342222494736192e-02	1.441592435655638e-01	4.876757306277295e-03
1.375974475312959e-02	1.244966035500017e-01	4.331519344364505e-03
1.410575194602810e-02	1.155365668740641e-01	3.992676790191060e-03
1.446045995276330e-02	9.951117894559006e-02	3.520868181779945e-03
1.482408756694117e-02	8.777556989929378e-02	3.140178080876595e-03
1.519685908402562e-02	7.428812745992404e-02	2.757480692314334e-03
1.557900443969015e-02	6.313038901416468e-02	2.385354117618257e-03
1.597075935164842e-02	5.437265416165341e-02	2.122688346577899e-03
1.637236546505141e-02	4.675510439205708e-02	1.872269036676358e-03
1.678407050154072e-02	4.333195556622819e-02	1.731834944668326e-03
1.720612841205014e-02	3.603931146451906e-02	1.508466833336084e-03
1.763879953344944e-02	2.702111404865233e-02	1.222290849419984e-03
1.808235074912735e-02	2.519034073468338e-02	1.141736903075981e-03
1.853705565361249e-02	2.016084696317111e-02	9.732304573675586e-04
1.900319472133401e-02	1.608765894831404e-02	8.284860547189679e-04
1.948105547962584e-02	1.306901934643113e-02	7.206591559990228e-04
1.997093268608145e-02	1.197819158054694e-02	6.654763685302363e-04
2.047312851036841e-02	9.409025360207060e-03	5.670198373503004e-04
2.098795272061488e-02	7.542429133028172e-03	4.925426890156939e-04
2.151572287448310e-02	5.918086283668344e-03	4.220402091801000e-04
2.205676451504760e-02	5.509095196175570e-03	3.945726914369980e-04
2.261141137159915e-02	4.281426059120947e-03	3.373370874656051e-04
2.318000556549806e-02	3.372869035670791e-03	2.941615738089896e-04
2.376289782120401e-02	3.249874882865561e-03	2.859728865748531e-04
2.436044768261250e-02	2.267328672286998e-03	2.355279088708522e-04
2.497302373483139e-02	1.804730015099641e-03	2.096786272753338e-04
2.560100383153423e-02	1.445080429905178e-03	1.858508563615335e-04
2.624477532803081e-02	8.828927266609274e-04	1.479477435431081e-04
2.690473532019843e-02	8.715731187911374e-04	1.477241572512643e-04
2.758129088942161e-02	7.159319281679219e-04	1.335222075891481e-04
2.827485935369093e-02	5.321322191581129e-04	1.158601537102831e-04
2.898586852501625e-02	5.417430878724027e-04	1.160023832047079e-04
2.971475697331286e-02	3.894660890280607e-04	1.020160257131991e-04
3.046197429692338e-02	2.916463023333582e-04	9.284901212399116e-05
3.122798139994232e-02	2.183757315538887e-04	7.942124183403138e-05
3.201325077651439e-02	3.159215178010784e-04	8.723492724280013e-05
3.281826680228175e-02	2.076363554673713e-04	7.462150038839060e-05
3.364352603316022e-02	2.627242952338197e-04	7.846717126040768e-05
3.448953751162852e-02	3.027515017767943e-04	7.973842232086414e-05
3.535682308071963e-02	1.568042343999251e-04	6.853455896313899e-05
3.624591770590782e-02	1.226668737233695e-04	5.925929574350564e-05
3.715736980509005e-02	1.832028539031522e-04	7.080897047263525e-05
3.809174158686505e-02	8.797304558025133e-05	5.595088540874715e-05
3.904960939731907e-02	1.054565347162751e-04	6.029627292335817e-05
4.003156407553186e-02	3.344044843387384e-05	5.350680048243420e-05
4.103821131802240e-02	1.594396552558392e-05	4.932883259553823e-05
4.207017205235906e-02	4.867787699658698e-05	5.001560241621196e-05
4.312808282016477e-02	1.135629909183756e-04	5.967860702117227e-05
4.421259616975329e-02	8.041723919498680e-05	5.993315281257847e-05
4.532438105863883e-02	5.182470738601716e-05	5.275813921964535e-05
4.646412326616742e-02	2.063192595551495e-05	5.261187159822689e-05
4.763252581652434e-02	6.817207624637259e-05	6.824067500012746e-05
4.883030941237866e-02	8.106926786406875e-05	7.081213429723406e-05
5.005821287943243e-02	8.867335341327771e-05	8.587180414313109e-05
5.131699362214852e-02	5.827950382293379e-05	6.971061916421450e-05
5.260742809093848e-02	1.532723354980912e-05	6.490609726753759e-05
5.393031226109837e-02	6.475668222720618e-05	7.978425862978445e-05
5.528646212378811e-02	2.032243944114293e-06	4.487428964845105e-05
5.667671418935719e-02	2.717950373990693e-05	8.962457746510928e-05
5.810192600332707e-02	-4.790631411942534e-05	5.270630492067628e-05
5.956297667534884e-02	1.404668490886838e-04	1.123943682915843e-04
6.106076742146201e-02	-1.529074363549571e-05	9.667264510539617e-05
6.259622211998928e-02	3.865728975613845e-05	7.801246429452486e-05
6.417028788140994e-02	2.125128198309349e-04	1.384736368002458e-04
6.578393563256357e-02	-9.940976931279287e-05	7.531732311182756e-05
6.743816071554429e-02	2.768588055389415e-04	1.711487192002881e-04
6.913398350165495e-02	6.481058462775030e-05	8.204511116854857e-05
7.087245002080014e-02	7.505576659664030e-05	1.144662285645060e-04
7.240295267082918e-02	0.000000000000000e+00	0.000000000000000e+00
