6.531919542251160e-03	7.721611054382086e-01	3.964608495870397e-02
6.696368008362871e-03	7.842745454869116e-01	3.168223635778279e-02
6.864956650701734e-03	7.837006759006279e-01	2.748565412748518e-02
7.037789702889362e-03	7.504236793184028e-01	2.301315797877324e-02
7.214974022746750e-03	7.613708824078890e-01	2.135747996972436e-02
7.396619158361454e-03	7.694088518684260e-01	1.946942760623603e-02
7.582837415818102e-03	7.798769713666103e-01	1.784805615266479e-02
7.773743928634091e-03	8.135267818603443e-01	1.726280657611699e-02
7.969456728943404e-03	8.412976573597354e-01	1.628645995393494e-02
8.170096820472567e-03	8.398045718175002e-01	1.525216909802221e-02
8.375788253353847e-03	8.436815890514497e-01	1.434309799357768e-02
8.586658200821974e-03	8.420706809114664e-01	1.335758335388928e-02
8.802837037841767e-03	8.321042569287874e-01	1.255313115316732e-02
9.024458421715325e-03	8.619994293070256e-01	1.219993702566325e-02
9.251659374718573e-03	8.693757135576408e-01	1.139939600890503e-02
9.484580368818288e-03	8.733013890803278e-01	1.092681040820464e-02
9.723365412521976e-03	8.539685071209686e-01	1.008863477169279e-02
9.968162139914277e-03	7.206431150999304e-01	8.576700818773689e-03
1.021912190193498e-02	4.611208210501714e-01	6.058734859945236e-03
1.047639985995506e-02	2.890484607317988e-01	4.307865273221932e-03
1.074015508170857e-02	2.088102134594430e-01	3.355272700149146e-03
1.101055063963979e-02	1.621051475585119e-01	3.732747925587880e-03
1.128775371172632e-02	1.422420956700808e-01	3.817026589388406e-03
1.157193568484053e-02	1.051697680170535e-01	2.776455122773470e-03
1.186327226071323e-02	8.947336967788901e-02	2.411896593312171e-03
1.216194356456513e-02	7.635455184219825e-02	2.062902699051796e-03
1.246813425647323e-02	6.237008227645620e-02	1.701826801516655e-03
1.278203364554092e-02	5.485416444052235e-02	1.506360718372995e-03
1.310383580694247e-02	4.777316207705583e-02	1.333915448333546e-03
1.343373970191432e-02	4.043591782879053e-02	1.133247727001035e-03
1.377194930076716e-02	3.456548995552239e-02	9.863542543429205e-04
1.411867370899508e-02	2.997159174614897e-02	8.716158819285487e-04
1.447412729655961e-02	2.538595370943943e-02	7.595512093833653e-04
1.483852983042862e-02	2.272383510502408e-02	6.795116888358191e-04
1.521210661045214e-02	2.039206795298358e-02	6.176001803949258e-04
1.559508860865883e-02	1.628027815628944e-02	5.116686352427631e-04
1.598771261205956e-02	1.443350143152035e-02	4.619743106248796e-04
1.639022136904617e-02	1.362559009368133e-02	4.285485545182285e-04
1.680286373947594e-02	1.194487495110192e-02	3.815870997148925e-04
1.722589484853467e-02	1.078485055646609e-02	3.469957885442257e-04
1.765957624447343e-02	9.527435863723408e-03	3.071979384640924e-04
1.810417606031648e-02	8.712086414456326e-03	2.823339117445505e-04
1.855996917964038e-02	7.464071506807503e-03	2.495611249856520e-04
1.902723740652680e-02	6.768999656966581e-03	2.264581292524364e-04
1.950626963979408e-02	5.988488448132865e-03	2.052255745884640e-04
1.999736205161519e-02	5.281430897764114e-03	1.853124734764984e-04
2.050081827063274e-02	4.917448598754858e-03	1.727450467206618e-04
2.101694956968402e-02	4.555285817188020e-03	1.602781537261639e-04
2.154607505825221e-02	3.852759453732853e-03	1.418411736772144e-04
2.208852187976285e-02	3.513049194457113e-03	1.314700050918909e-04
2.264462541384742e-02	3.075494189993818e-03	1.189229753559385e-04
2.321472948369915e-02	2.875844856682237e-03	1.137065116720309e-04
2.379918656864924e-02	2.878836030225672e-03	1.116864403002997e-04
2.439835802209491e-02	2.403211631376445e-03	1.006273236903554e-04
2.501261429491407e-02	2.103897023258766e-03	9.312935959237601e-05
2.564233516450471e-02	1.887167651370629e-03	8.807178451938060e-05
2.628790996959056e-02	1.807032485328208e-03	8.530725768681968e-05
2.694973785093829e-02	1.472631576365763e-03	7.784631233908786e-05
2.762822799813507e-02	1.344528964397682e-03	7.439488796853730e-05
2.832379990257896e-02	1.209869863575362e-03	6.828462020216688e-05
2.903688361683869e-02	1.173819643655892e-03	6.722531091612676e-05
2.976792002054303e-02	1.013522418454881e-03	6.100207396906815e-05
3.051736109296434e-02	9.859419246862529e-04	5.892896996643033e-05
3.128567019246460e-02	7.760411972930483e-04	5.252886869831386e-05
3.207332234297694e-02	7.901909555367935e-04	5.180000232494370e-05
3.288080452769951e-02	5.746304385376695e-04	4.457321260046449e-05
3.370861599018358e-02	7.125787676299855e-04	4.831141058589762e-05
3.455726854300176e-02	5.790868033901929e-04	4.374343339102776e-05
3.542728688418735e-02	4.918755020616961e-04	3.996850649788080e-05
3.631920892164041e-02	4.809087918794333e-04	3.947821599615969e-05
3.723358610570109e-02	4.934111134938489e-04	3.952611007331569e-05
3.817098377009587e-02	3.591966391484585e-04	3.500287639542086e-05
3.913198148146754e-02	3.346395031817910e-04	3.415394900916620e-05
4.011717339770499e-02	3.193838130091952e-04	3.348285150790701e-05
4.112716863529428e-02	3.258682870242172e-04	3.363843329365551e-05
4.216259164591834e-02	2.857953140564496e-04	3.252188411076180e-05
4.322408260253782e-02	2.755249265399307e-04	3.213850537405304e-05
4.431229779519212e-02	2.658477863441454e-04	3.243274370262819e-05
4.542791003676503e-02	1.379969965702682e-04	2.753742554439935e-05
4.657160907896606e-02	2.044859930085945e-04	3.237096761172590e-05
4.774410203878453e-02	1.269090645300888e-04	2.911295676056498e-05
4.894611383568018e-02	1.702876101040755e-04	3.411503018590560e-05
5.017838763978046e-02	1.571475730314053e-04	3.451755525029513e-05
5.144168533136177e-02	1.005503476099755e-04	2.976171912323427e-05
5.273678797189862e-02	5.183645404579272e-05	2.867753598350460e-05
5.406449628697202e-02	9.578381242044427e-05	3.485034179057947e-05
5.542563116133557e-02	8.362493685206332e-05	3.298804260751230e-05
5.682103414644549e-02	8.835383535713858e-05	3.667612132900291e-05
5.825156798076822e-02	1.875169619902711e-04	4.651176393140371e-05
5.971811712318738e-02	8.163079571399119e-05	3.660235429969588e-05
6.122158829983986e-02	2.625774683691866e-05	2.667214300178458e-05
6.276291106471911e-02	1.690856722976572e-04	5.002910619410506e-05
6.434303837439226e-02	2.057673253525482e-05	3.052521300585354e-05
6.596294717718640e-02	1.632630529371644e-05	3.066737366135825e-05
6.762363901720830e-02	-2.054343724532800e-05	2.158191289652783e-05
6.932614065357098e-02	6.722333941247892e-06	2.878820053975715e-05
7.107150469521002e-02	1.617650127186344e-05	2.800673049611705e-05
7.250423213993884e-02	2.295698388408914e-05	4.657640043199611e-05
