6.532015878499265e-03	6.733201752950365e-01	5.090800016032703e-02
6.696661870732718e-03	7.127931574717413e-01	3.647362460097412e-02
6.865457929846407e-03	6.156991895090291e-01	2.930646894999006e-02
7.038508662426115e-03	5.876647880485474e-01	2.437409017481870e-02
7.215921311771227e-03	6.703610110904132e-01	2.429038280055630e-02
7.397805824355733e-03	6.927657455410648e-01	2.268937182032225e-02
7.584274917964443e-03	6.853344165540682e-01	2.061639518750041e-02
7.775444151546655e-03	7.092828951972370e-01	1.956949739888120e-02
7.971431996830539e-03	7.284360074362923e-01	1.839249199992947e-02
8.172359911742651e-03	7.427673582636100e-01	1.738869810049970e-02
8.378352415678036e-03	7.313958390677201e-01	1.618968991777284e-02
8.589537166667615e-03	7.511515019335105e-01	1.534374450704763e-02
8.806045040490639e-03	7.623402638392807e-01	1.472294104908635e-02
9.028010211781245e-03	7.588244924598747e-01	1.385462804562590e-02
9.255570237179402e-03	7.678075899295933e-01	1.309801204095466e-02
9.488866140577746e-03	7.608613478187476e-01	1.242646768252435e-02
9.728042500517150e-03	7.333215164223166e-01	1.142740825321735e-02
9.973247539785185e-03	7.073280248263312e-01	1.071765406502488e-02
1.022463321727301e-02	5.947011212487489e-01	9.150063037398074e-03
1.048235532214759e-02	4.857338535342886e-01	7.729185809393541e-03
1.074657357039764e-02	3.880892568050180e-01	6.412249288806816e-03
1.101745170381309e-02	3.084763210461494e-01	7.199228227727628e-03
1.129515759145940e-02	2.512057747273211e-01	6.876651610970503e-03
1.157986333370973e-02	1.931091472294334e-01	5.228982566647004e-03
1.187174536889921e-02	1.502076306671812e-01	4.208033259390748e-03
1.217098458266769e-02	1.165729851527512e-01	3.390059363256381e-03
1.247776642005841e-02	1.012453647775446e-01	2.964479632308108e-03
1.279228100044240e-02	8.107366788566195e-02	2.466220059751528e-03
1.311472323533955e-02	6.864827954401484e-02	2.140260279634091e-03
1.344529294920952e-02	5.397867969378926e-02	1.759198788132921e-03
1.378419500328729e-02	4.443564095871535e-02	1.503737099118071e-03
1.413163942254015e-02	3.943574352758869e-02	1.359188745971346e-03
1.448784152582470e-02	3.402903739409507e-02	1.197416127574640e-03
1.485302205932464e-02	2.850267815170280e-02	1.035055585582160e-03
1.522740733335198e-02	2.724383369450823e-02	9.803700499500568e-04
1.561122936259645e-02	2.157366079560306e-02	8.110530860810418e-04
1.600472600991005e-02	1.970845092375509e-02	7.424775200036841e-04
1.640814113371585e-02	1.705897941671067e-02	6.607987817942755e-04
1.682172473913229e-02	1.556816778811901e-02	6.026160310258176e-04
1.724573313290685e-02	1.395197297573051e-02	5.457215241924533e-04
1.768042908225490e-02	1.232198131419938e-02	4.839412347027729e-04
1.812608197770222e-02	1.083553310661795e-02	4.350244912798073e-04
1.858296800003218e-02	9.757517419746398e-03	3.948676746698190e-04
1.905137029144099e-02	8.403503649405225e-03	3.516559882290141e-04
1.953157913100706e-02	7.774477217599364e-03	3.244561092060188e-04
2.002389211458322e-02	6.640404533192788e-03	2.889757061828756e-04
2.052861433922340e-02	6.021896408879600e-03	2.659740867242895e-04
2.104605859225787e-02	5.744742351299224e-03	2.498558781793715e-04
2.157654554513432e-02	5.340476957028682e-03	2.329665757656599e-04
2.212040395214498e-02	4.488234044998653e-03	2.070084259377344e-04
2.267797085416274e-02	4.337473353801872e-03	1.968357122825707e-04
2.324959178751277e-02	4.141348114471635e-03	1.905359625392275e-04
2.383562099810882e-02	3.672527158043330e-03	1.758123804540208e-04
2.443642166098715e-02	3.339695603959306e-03	1.648922071955622e-04
2.505236610537399e-02	3.065032057334811e-03	1.559149333323976e-04
2.568383604542605e-02	2.813278556385594e-03	1.486124961595681e-04
2.633122281678706e-02	2.541491590065038e-03	1.403162982056499e-04
2.699492761910700e-02	2.542173595181798e-03	1.410009919232464e-04
2.767536176467421e-02	2.127820620616340e-03	1.272079948308822e-04
2.837294693331458e-02	2.025362602326933e-03	1.214393762226208e-04
2.908811543371571e-02	1.966515213915973e-03	1.180828048746384e-04
2.982131047133795e-02	1.969081790990121e-03	1.157283815396182e-04
3.057298642307849e-02	1.791904931252698e-03	9.699108253156986e-05
3.134360911885861e-02	1.490646600491706e-03	8.519342816588939e-05
3.213365613030856e-02	1.401564578424216e-03	7.869043303316376e-05
3.294361706672912e-02	1.288979432767338e-03	7.239531870681548e-05
3.377399387851309e-02	1.199224143885979e-03	6.789838661121943e-05
3.462530116821489e-02	1.131598347796335e-03	6.308037191105032e-05
3.549806650946091e-02	1.059843925325943e-03	5.902349957059336e-05
3.639283077389839e-02	9.865405626318417e-04	5.511508009918981e-05
3.731014846638528e-02	7.810911723387746e-04	4.682926874961698e-05
3.825058806862898e-02	7.087781913940475e-04	4.341471625639177e-05
3.921473239148685e-02	6.878357155820455e-04	4.143935733439134e-05
4.020317893614667e-02	6.895782630190541e-04	4.027183166010728e-05
4.121654026441118e-02	6.652922814271485e-04	3.856871580376387e-05
4.225544437831592e-02	5.712734090446189e-04	3.470474472890371e-05
4.332053510931575e-02	5.616348695747329e-04	3.340681719208039e-05
4.441247251728116e-02	5.064577091189761e-04	3.098691767828964e-05
4.553193329955176e-02	4.515534741331921e-04	2.856890386767336e-05
4.667961121030026e-02	4.604613286341017e-04	2.844968018228180e-05
4.785621749046708e-02	3.860651736705698e-04	2.530359727784308e-05
4.906248130853180e-02	4.214816764795991e-04	2.585684936470612e-05
5.029915021239465e-02	3.773425076363697e-04	2.393555482343467e-05
5.156699059264827e-02	3.440238748238857e-04	2.321815662487406e-05
5.286678815752657e-02	3.173141035110813e-04	2.138597354905886e-05
5.419934841982518e-02	2.825323900654689e-04	1.952173797255136e-05
5.556549719609530e-02	2.691228775139666e-04	1.825594851869605e-05
5.696608111842008e-02	2.660919060532528e-04	1.774273441366745e-05
5.840196815909098e-02	2.738036163364629e-04	1.748352865647697e-05
5.987404816850903e-02	2.066534416054576e-04	1.446566427387225e-05
6.138323342664446e-02	2.239731479447820e-04	1.481898762947268e-05
6.293045920839646e-02	1.603578215383863e-04	1.183401313595048e-05
6.451668436320329e-02	1.849390733106243e-04	1.231645271623321e-05
6.614289190926220e-02	1.693403856083430e-04	1.128130906680152e-05
6.781008964272706e-02	1.662770715041133e-04	1.075695840095803e-05
6.951931076226164e-02	1.550905807716018e-04	1.007252090607383e-05
7.127161450933521e-02	1.360754440338017e-04	8.890049649656017e-06
7.306808682465751e-02	1.218142349335703e-04	8.224969437154375e-06
7.490984102115983e-02	1.172680876614376e-04	7.691611275316409e-06
7.679801847393919e-02	1.162276620875318e-04	7.421773752790437e-06
7.873378932759328e-02	1.049104701656388e-04	6.744848797172978e-06
8.071835322138460e-02	8.699786540879131e-05	5.763261441535269e-06
8.275294003268283e-02	7.819436098769789e-05	5.216553216978580e-06
8.483881063914664e-02	6.784890400514914e-05	4.661578805976258e-06
8.697725770011697e-02	6.521705357223996e-05	4.375975579628336e-06
8.916960645770611e-02	6.875067489331816e-05	4.408264673916248e-06
9.141721555807905e-02	5.459624010172189e-05	3.719925889836001e-06
9.372147789343599e-02	5.962758644531426e-05	3.809205814756715e-06
9.608382146521793e-02	4.776896854943376e-05	3.241927326222547e-06
9.850571026907021e-02	4.550435212700725e-05	3.063591054323909e-06
1.009886452021124e-01	4.230891233921508e-05	2.857331781335751e-06
1.035341649930769e-01	6.150564832870566e-05	3.505433069162025e-06
1.061438471558923e-01	7.826779961137679e-05	4.043751683993096e-06
1.088193089673038e-01	5.376778729779087e-05	3.182722875037765e-06
1.115622084691336e-01	2.874806909273409e-05	2.126977441087766e-06
1.143742454958066e-01	2.593151792514204e-05	1.990377826629088e-06
1.172571627277739e-01	2.469830148079612e-05	1.919980727496271e-06
1.202127467714902e-01	2.265724399802196e-05	1.816218692977153e-06
1.232428292666124e-01	2.490232633908823e-05	1.918035651444984e-06
1.263492880211066e-01	1.579545798128540e-05	1.489524212933276e-06
1.295340481749666e-01	1.850450811096898e-05	1.586135509424211e-06
1.327990833932648e-01	1.521971459701460e-05	1.406753065590608e-06
1.361464170892754e-01	1.576003230177010e-05	1.409305643805627e-06
1.395781236784277e-01	1.289118275653357e-05	1.231493582032296e-06
1.430963298638661e-01	1.362841039219551e-05	1.263553418385292e-06
1.467032159544147e-01	1.267012984462952e-05	1.188319242164093e-06
1.504010172157617e-01	9.461377342105932e-06	9.986149360419934e-07
1.541920252557022e-01	9.721117291687255e-06	1.011599517593199e-06
1.580785894442974e-01	9.578264723224973e-06	9.972147225010712e-07
1.620631183698304e-01	9.711372779430822e-06	9.880632766724767e-07
1.661480813314603e-01	8.649639156959965e-06	9.226108401519191e-07
1.703360098695011e-01	6.751481405265274e-06	8.070489469863232e-07
1.746294993342717e-01	6.610367603900118e-06	7.980112657942807e-07
1.790312104944914e-01	8.353569098691250e-06	9.020360125508116e-07
1.835438711862156e-01	7.957952089542564e-06	8.832707699917324e-07
1.881702780033353e-01	8.120674771162665e-06	8.961601364139688e-07
1.929132980306874e-01	7.428024055698541e-06	8.615743437540328e-07
1.977758706208489e-01	9.402774442384529e-06	9.901023507875807e-07
2.027610092157180e-01	7.480849041483258e-06	8.981373038803651e-07
2.078718032140094e-01	7.147397458621222e-06	9.170070938350525e-07
2.131114198858217e-01	7.805335841900514e-06	1.007593015245723e-06
2.184831063354638e-01	6.007862331968333e-06	9.196040138315458e-07
2.239901915137555e-01	4.126591194705960e-06	7.940608670446337e-07
2.296360882810512e-01	7.377044817731401e-06	1.130917903350489e-06
2.354242955222634e-01	8.052042077153243e-06	1.245849177795968e-06
2.413584003151976e-01	4.875849399769502e-06	1.004818506909400e-06
2.474420801535424e-01	5.226586863353488e-06	1.104130269572850e-06
2.536791052258927e-01	5.158872998716434e-06	1.127274265412355e-06
2.600733407522164e-01	4.331974791966355e-06	1.071712608831031e-06
2.666287493792169e-01	4.962342452011126e-06	1.210811547139775e-06
2.733493936360694e-01	5.816725268445983e-06	1.351582679582513e-06
2.802394384520601e-01	5.644165101001692e-06	1.414726093472883e-06
2.873031537376828e-01	4.640742817483287e-06	1.308397318552685e-06
2.945449170307948e-01	4.671410400301729e-06	1.357291621440649e-06
3.019692162094730e-01	4.816609197429356e-06	1.405779496668638e-06
3.095806522732490e-01	2.760143978630805e-06	1.099350166156809e-06
3.173839421944485e-01	4.014753900990139e-06	1.365974348627528e-06
3.253839218414018e-01	2.361782663653564e-06	1.059878449483342e-06
3.327767134221087e-01	1.424476240085370e-06	1.016493160975659e-06
