6.532015638109654e-03	2.226514817483027e-01	2.792482203201373e-02
6.696661137445381e-03	2.764564576320009e-01	2.804385909481962e-02
6.865456678966150e-03	2.849809449465279e-01	2.526568717838489e-02
7.038506868325970e-03	2.724869480329167e-01	2.135489541513262e-02
7.215918947861170e-03	2.617927175161886e-01	1.943321379259277e-02
7.397802863050412e-03	2.794856890166921e-01	1.817635026240272e-02
7.584271330649902e-03	2.614029687861868e-01	1.594713612867170e-02
7.775439908545999e-03	3.311954168665460e-01	1.694528057456769e-02
7.971427067368538e-03	3.435098581556085e-01	1.595856405910032e-02
8.172354263909214e-03	3.403295669505823e-01	1.481901650860231e-02
8.378346016390564e-03	3.432017970115486e-01	1.403349361963594e-02
8.589529981632163e-03	3.520092454198920e-01	1.325511146207410e-02
8.806037034161862e-03	3.596867115227610e-01	1.267643102960138e-02
9.028001347321110e-03	3.522604164292121e-01	1.189016315174113e-02
9.255560476414602e-03	3.905466574305019e-01	1.187484253382604e-02
9.488855443955786e-03	3.939402699229642e-01	1.137654854542484e-02
9.728030827061078e-03	4.023652748588009e-01	1.083442535651409e-02
9.973234847046913e-03	4.010989520608767e-01	1.035097980777896e-02
1.022461946128518e-02	3.754169699286339e-01	9.496285563156515e-03
1.048234045737396e-02	3.197114480110958e-01	8.324457460070406e-03
1.074655754968191e-02	2.959658593647508e-01	7.540794078879944e-03
1.101743447832619e-02	2.683517510550027e-01	8.084192447184524e-03
1.129513911064510e-02	2.682472490230679e-01	8.768994822814170e-03
1.157984354522862e-02	2.358659799252089e-01	7.319224572611215e-03
1.187172421857090e-02	2.145150330243242e-01	6.659415674869693e-03
1.217096201441125e-02	2.050150997632144e-01	6.260408337430976e-03
1.247774237583103e-02	1.703773854313184e-01	5.262377779341930e-03
1.279225542017607e-02	1.702670380092827e-01	5.104828812584097e-03
1.311469605687586e-02	1.434721474546868e-01	4.431312632215900e-03
1.344526410823244e-02	1.218180526278628e-01	3.761289737357236e-03
1.378416443325390e-02	1.039624075991345e-01	3.308260245086338e-03
1.413160705460924e-02	9.286346120551585e-02	2.985287222075206e-03
1.448780728878317e-02	7.674243611424987e-02	2.563573509120297e-03
1.485298587951168e-02	6.256901438527485e-02	2.185765348488041e-03
1.522736913458092e-02	5.846458388272182e-02	2.032886162583719e-03
1.561118906607424e-02	4.726823907103301e-02	1.703902769975958e-03
1.600468353415425e-02	3.854799624041472e-02	1.476221582554798e-03
1.640809639446909e-02	3.330311653169452e-02	1.303879683441530e-03
1.682167764927422e-02	2.867290017753508e-02	1.156049891678881e-03
1.724568360236329e-02	2.350231009310321e-02	9.970783874417607e-04
1.768037701790429e-02	1.790430117075432e-02	8.180511612433909e-04
1.812602728327922e-02	1.459836792532184e-02	7.097485691241470e-04
1.858291057602837e-02	1.140518154512258e-02	5.990934438473634e-04
1.905131003500254e-02	9.905464747176075e-03	5.342224715130886e-04
1.953151593582927e-02	7.552673975720625e-03	4.486492886858866e-04
2.002382587080196e-02	6.214800491035588e-03	3.931495774931783e-04
2.052854493330315e-02	4.937459031299581e-03	3.386683521823129e-04
2.104598590687647e-02	4.012342318148461e-03	2.923356375881530e-04
2.157646945906422e-02	3.099528688171454e-03	2.489946193868971e-04
2.212032434013088e-02	2.522192418748619e-03	2.181482198804210e-04
2.267788758679559e-02	2.239467602828788e-03	1.983241029430680e-04
2.324950473109992e-02	1.810955250241565e-03	1.767399715340316e-04
2.383553001454031e-02	1.246455402767066e-03	1.435035277626983e-04
2.443632660759799e-02	1.139068662178143e-03	1.356048599696432e-04
2.505226683480222e-02	9.885362601713573e-04	1.247321992996850e-04
2.568373240546665e-02	1.090253489137577e-03	1.301654168949558e-04
2.633111465024141e-02	6.790965310592402e-04	1.019837377019124e-04
2.699481476362784e-02	7.528527154782741e-04	1.080297525226224e-04
2.767524405260597e-02	5.130053437614467e-04	8.779650439871595e-05
2.837282419152892e-02	4.532904249368151e-04	8.089093135404878e-05
2.908798748344213e-02	4.762577092691935e-04	8.182681153933989e-05
2.982117712798938e-02	4.343616452092280e-04	7.651043649135089e-05
3.057284749607164e-02	5.145515651809840e-04	8.188369764769427e-05
3.134346441142895e-02	2.728386605918683e-04	5.894266522085277e-05
3.213350543931981e-02	3.233152895268217e-04	6.261895112006186e-05
3.294346018247704e-02	3.615866683862252e-04	6.505678820076740e-05
3.377383058452346e-02	2.732140684042024e-04	5.671404263200967e-05
3.462513124103542e-02	3.222730855259392e-04	6.088511067922304e-05
3.549788971844701e-02	2.030636732995067e-04	4.790423625046144e-05
3.639264688099259e-02	2.207395279151410e-04	4.940365117255602e-05
3.730995722589003e-02	2.652391398547306e-04	5.396926467387019e-05
3.825038922697278e-02	2.168073160068047e-04	4.876341230372569e-05
3.921452568698337e-02	2.077574836958389e-04	4.762082743955482e-05
4.020296409874682e-02	2.460331313411494e-04	5.233537615180736e-05
4.121631701544774e-02	1.650200354802487e-04	4.293261618944237e-05
4.225521243024070e-02	1.603122469823936e-04	4.288341667290040e-05
4.332029416542889e-02	1.650871112193263e-04	4.431905130777003e-05
4.441222227145249e-02	1.214696369158069e-04	3.907339706071799e-05
4.553167343593389e-02	1.833833220165540e-04	5.035144251608703e-05
4.667934140303327e-02	9.356041829196353e-05	3.791826304379694e-05
4.785593740337436e-02	1.000111706532645e-04	4.085606925091832e-05
4.906219059480703e-02	1.378468535436481e-04	5.140531459827228e-05
5.029884851427954e-02	2.353288058803139e-04	7.025161347981679e-05
5.156667754110078e-02	8.159265812210429e-05	4.342009255886806e-05
5.286646337187936e-02	7.661030326656763e-05	4.432725810275431e-05
5.419901150743403e-02	5.761474348146013e-05	4.048199560648134e-05
5.556514775197719e-02	1.920011841918108e-04	7.516543195247214e-05
5.696571872488063e-02	1.391864616699487e-04	6.775449370064647e-05
5.840159238534096e-02	7.388957404828666e-05	4.993307384813046e-05
5.987365857026956e-02	7.863343854914026e-05	5.563651121970079e-05
6.138282954574073e-02	7.969718103468733e-05	5.639132808894717e-05
6.293004057233942e-02	8.937380921416636e-05	6.325760465662587e-05
6.451625048475917e-02	4.746709030951885e-05	4.749971954530926e-05
6.614244228600938e-02	1.033011291287670e-04	7.309775564056307e-05
6.780962375659999e-02	0.000000000000000e+00	0.000000000000000e+00
6.951882807908140e-02	1.161962552885368e-04	8.226673899763678e-05
7.127111447832635e-02	5.411167054794926e-05	5.415054423223477e-05
7.260579549943269e-02	0.000000000000000e+00	0.000000000000000e+00
