3.003950468527150e-02	6.888434082317480e-04	2.290522652153951e-04
3.079558936758688e-02	6.720485589100706e-04	2.041160017737456e-04
3.157070445845332e-02	4.921556574645487e-04	1.476059036150170e-04
3.236532894714024e-02	4.168003638870868e-04	1.243995288674010e-04
3.317995387892314e-02	3.494141954213900e-04	1.062907902334343e-04
3.401508265852930e-02	2.870591810614176e-04	9.088070578299940e-05
3.487123136122131e-02	2.648260596074063e-04	7.470178890255095e-05
3.574892905171027e-02	1.725615742784470e-04	5.527312611488857e-05
3.664871811109613e-02	2.012818259862258e-04	5.651106000412316e-05
3.757115457203684e-02	2.217692470442365e-04	5.622743101750021e-05
3.851680846235378e-02	1.239719896369477e-04	3.797652251047543e-05
3.948626415728539e-02	1.982996858206072e-04	4.566967838795754e-05
4.048012074060715e-02	8.377457342948395e-05	2.811942076009666e-05
4.149899237484074e-02	1.450331571655534e-04	3.543854153494789e-05
4.254350868078117e-02	1.479873791962061e-04	3.411316489434681e-05
4.361431512657658e-02	9.309219113298419e-05	2.592182752639440e-05
4.471207342660104e-02	1.228833409957952e-04	2.748887481146455e-05
4.583746195036684e-02	8.079163932785211e-05	2.177512427740961e-05
4.699117614172896e-02	1.138135064403138e-04	2.434201355412665e-05
4.817392894864077e-02	1.336607755660880e-04	2.533393813506927e-05
4.938645126372659e-02	1.559024031165781e-04	2.574281223220674e-05
5.062949237594329e-02	6.622509136567828e-05	1.659851057427893e-05
5.190382043361007e-02	9.309741169029234e-05	1.878226132471229e-05
5.321022291909253e-02	7.322378873807938e-05	1.556537643561517e-05
5.454950713543442e-02	1.049993064442853e-04	1.827777609077043e-05
5.592250070523778e-02	9.098657868763375e-05	1.695325710297392e-05
5.733005208209961e-02	6.996895805934755e-05	1.374911388951526e-05
5.877303107492141e-02	7.027699655884635e-05	1.345617725408417e-05
6.025232938541524e-02	5.865664146923156e-05	1.170305294518455e-05
6.176886115913885e-02	4.143742132484331e-05	9.290148002553288e-06
6.332356355039993e-02	5.292999957973246e-05	1.018838515024168e-05
6.491739730137908e-02	3.765954806191786e-05	8.116550135269042e-06
6.655134733582888e-02	4.348720948163897e-05	8.616325909776815e-06
6.822642336771639e-02	4.156668958236943e-05	8.075424066786533e-06
6.994366052518479e-02	3.201133568405426e-05	6.731350693551318e-06
7.170411999022011e-02	2.647690128969122e-05	5.836826055206983e-06
7.350888965441804e-02	2.330364200275317e-05	5.309776311550404e-06
7.535908479125621e-02	3.276969846950071e-05	6.068398250384290e-06
7.725584874528742e-02	2.294179537679173e-05	4.866162410170360e-06
7.920035363867953e-02	2.782934475158149e-05	5.152093166883856e-06
8.119380109553881e-02	2.116428438677646e-05	4.224948199458258e-06
8.323742298446422e-02	1.515244459842389e-05	3.430533813840515e-06
8.533248217979165e-02	1.795836747925716e-05	3.579699240896072e-06
8.748027334199829e-02	2.039536466693208e-05	3.674039003929814e-06
8.968212371774956e-02	2.827393166284789e-05	4.182338406531498e-06
9.193939396008313e-02	1.282776183300758e-05	2.700456849313086e-06
9.425347896923647e-02	1.756756398600887e-05	3.067636194055548e-06
9.662580875463786e-02	2.165258200146408e-05	3.294902506083273e-06
9.905784931859354e-02	1.190983233503231e-05	2.359735491564835e-06
1.015511035622168e-01	1.749319097503661e-05	2.768560214184312e-06
1.041071122141591e-01	4.485235803347994e-05	4.320809517792414e-06
1.067274547827171e-01	9.805695165665543e-05	6.331738347627936e-06
1.094137505319038e-01	1.254588834559113e-05	2.214983765932354e-06
1.121676594820873e-01	1.000474307785172e-05	1.941270308596836e-06
1.149908834358150e-01	9.965709512662734e-06	1.920360647369997e-06
1.178851670294577e-01	1.017569827030315e-05	1.930812869712547e-06
1.208522988113230e-01	9.583242653741338e-06	1.861920484310043e-06
1.238941123469052e-01	1.562238846158755e-05	2.391242403579360e-06
1.270124873519526e-01	9.457680430882373e-06	1.832713524307259e-06
1.302093508540553e-01	1.192417847354918e-05	2.013926879027656e-06
1.334866783834686e-01	9.201835159418045e-06	1.743947965932111e-06
1.368464951939098e-01	8.359030711012898e-06	1.628451298017625e-06
1.402908775140813e-01	1.039387787655981e-05	1.771155475535607e-06
1.438219538306954e-01	1.050438035867628e-05	1.770990003564274e-06
1.474419062037908e-01	1.253599061975940e-05	1.891870873635054e-06
1.511529716151565e-01	1.305407053417090e-05	1.903654548203395e-06
1.549574433506943e-01	1.128240446944403e-05	1.767208936477383e-06
1.588576724175756e-01	9.455492853798253e-06	1.599432099887594e-06
1.628560689970669e-01	7.485302405986727e-06	1.398358183435304e-06
1.669551039339230e-01	6.217853173910497e-06	1.270309103875059e-06
1.711573102632671e-01	6.403466683691486e-06	1.285418995524038e-06
1.754652847759031e-01	8.579128170657512e-06	1.491712691012059e-06
1.798816896230247e-01	9.470928679238124e-06	1.562093821353326e-06
1.844092539613163e-01	9.074480629776131e-06	1.535169195701721e-06
1.890507756394590e-01	1.024101858460182e-05	1.638399648871435e-06
1.938091229270866e-01	8.280193887020620e-06	1.495033268297418e-06
1.986872362872578e-01	7.423915537545892e-06	1.429984781911580e-06
2.036881301935421e-01	7.288477737930908e-06	1.464908130106742e-06
2.088148949928401e-01	8.810358833002825e-06	1.687064442376234e-06
2.140706988150913e-01	1.041205011441518e-05	1.945854299550877e-06
2.194587895310477e-01	9.527778477540444e-06	1.935352903707154e-06
2.249824967593249e-01	6.496251070430727e-06	1.676891106428874e-06
2.306452339239692e-01	9.835382069077615e-06	2.172043505058301e-06
2.364505003638138e-01	5.765790962951636e-06	1.766690694291376e-06
2.424018834949259e-01	5.344510288519670e-06	1.778343823996530e-06
2.485030610274825e-01	8.265938625525845e-06	2.327408218883706e-06
2.547578032384447e-01	8.304618936566877e-06	2.401140733718290e-06
2.611699753014330e-01	6.748203856835642e-06	2.253019144857490e-06
2.677435396752463e-01	9.213836507702214e-06	2.782730450735487e-06
2.744825585524986e-01	2.511419748887010e-06	1.529724677767617e-06
2.813911963698869e-01	5.244940903719315e-06	2.265745872162946e-06
2.884737223816419e-01	5.089457401848437e-06	2.297413870030097e-06
2.957345132977518e-01	2.144938248849500e-06	1.517725146176535e-06
3.031780559885890e-01	2.251143260113313e-06	1.596558793220713e-06
3.108089502576120e-01	4.779213297707920e-06	2.430777993212403e-06
3.186319116838542e-01	1.439400789619048e-06	1.359641691141723e-06
3.266517745359588e-01	6.783268314205273e-06	3.038965134039840e-06
3.334156369266124e-01	2.316915282979512e-06	2.318807701858151e-06
