6.531919117736974e-03	4.617935195851013e-01	3.318582017204978e-02
6.696366713445120e-03	5.064477978640942e-01	2.951947253370731e-02
6.864954441822814e-03	5.039041088619187e-01	2.566071120804160e-02
7.037786534850146e-03	5.267491788546025e-01	2.297547558479182e-02
7.214969848651533e-03	5.248079547297566e-01	2.097839575759014e-02
7.396613929561183e-03	5.672971947361946e-01	2.000535414931464e-02
7.582831081851815e-03	5.274783945247122e-01	1.750855209902549e-02
7.773736437168517e-03	5.864679418045166e-01	1.735964643576394e-02
7.969448025710674e-03	6.098539373057580e-01	1.655460026617915e-02
8.170086849205966e-03	6.083156535614800e-01	1.540958386833216e-02
8.375776955721575e-03	6.341215161271294e-01	1.485948660050393e-02
8.586645516358821e-03	6.203540964217884e-01	1.364515422206432e-02
8.802822903878670e-03	6.459269805179559e-01	1.326720373002877e-02
9.024442773306718e-03	6.561652150097083e-01	1.268068833440009e-02
9.251642144567487e-03	6.762570466815208e-01	1.215272494533626e-02
9.484561487199120e-03	6.681147474556146e-01	1.148526207835776e-02
9.723344807200844e-03	6.763187551634141e-01	1.088830095413849e-02
9.968139736066932e-03	5.896719482067601e-01	9.589299514149208e-03
1.021909762206215e-02	4.946663556517121e-01	8.204342165836055e-03
1.047637362379519e-02	4.269191126595420e-01	7.176465944012654e-03
1.074012680614786e-02	3.925769618390927e-01	6.469605732679322e-03
1.101052023861944e-02	3.497759943289301e-01	8.042252301344205e-03
1.128772109614692e-02	3.395720532384586e-01	8.840211472461590e-03
1.157190076246351e-02	2.809370482576714e-01	6.968551723541164e-03
1.186323493605930e-02	2.560160194237297e-01	6.302765708470231e-03
1.216190373880953e-02	2.364586035208742e-01	5.786964757515761e-03
1.246809182733779e-02	2.045484602966901e-01	4.872809531292115e-03
1.278198850718285e-02	1.922757217177721e-01	4.485777571876066e-03
1.310378784983969e-02	1.707188503504471e-01	3.976169475754526e-03
1.343368881274725e-02	1.498091752758351e-01	3.447118105294716e-03
1.377189536229697e-02	1.293358510887524e-01	3.011756912276775e-03
1.411861659993816e-02	1.119928988593417e-01	2.610896668694491e-03
1.447406689145821e-02	9.787698771697219e-02	2.300800201272323e-03
1.483846599951756e-02	8.496742683357919e-02	2.003015246674347e-03
1.521203921952141e-02	7.454350930781968e-02	1.781515891033262e-03
1.559501751891208e-02	6.193917116489897e-02	1.493403768436020e-03
1.598763767996821e-02	5.169653010463882e-02	1.293252405937304e-03
1.639014244619909e-02	4.534515888866092e-02	1.146867928389915e-03
1.680278067242460e-02	3.918294252113380e-02	1.010804037869406e-03
1.722580747863356e-02	3.165364984657269e-02	8.589592098862481e-04
1.765948440771564e-02	2.838947567366924e-02	7.644304337921283e-04
1.810407958716429e-02	2.207337393226049e-02	6.405000481454182e-04
1.855986789485074e-02	1.826974786315172e-02	5.540362662751965e-04
1.902713112897150e-02	1.616634973505013e-02	4.967751013751534e-04
1.950615818227449e-02	1.341538738838066e-02	4.340358866567628e-04
1.999724522067143e-02	1.116094918157276e-02	3.798044348040384e-04
2.050069586634706e-02	8.897076182333487e-03	3.257297219175665e-04
2.101682138547821e-02	7.899088324929606e-03	2.953319494095265e-04
2.154594088067901e-02	6.868265601281578e-03	2.661892729449749e-04
2.208838148829098e-02	5.272808309804550e-03	2.252129028489383e-04
2.264447858064020e-02	5.368143240222937e-03	2.200680131664592e-04
2.321457597338639e-02	4.495572248433370e-03	1.984001720824055e-04
2.379902613809237e-02	3.956819733590960e-03	1.829733870772509e-04
2.439819042014498e-02	3.501070482879280e-03	1.688898671974139e-04
2.501243926216255e-02	3.460851242390470e-03	1.665434913727531e-04
2.564215243302676e-02	3.220582652390260e-03	1.593765817181809e-04
2.628771926268064e-02	2.756113568452909e-03	1.462718433650128e-04
2.694953888283789e-02	2.505930564919953e-03	1.397105131435864e-04
2.762802047375221e-02	2.354512382105207e-03	1.346759156490976e-04
2.832358351719940e-02	2.176821316674309e-03	1.260951453248404e-04
2.903665805582841e-02	2.171855306377068e-03	1.241541048512770e-04
2.976768495904195e-02	1.915695329703857e-03	1.143193419075879e-04
3.051711619557079e-02	1.707228465136991e-03	8.623753672568993e-05
3.128541511291048e-02	1.614617602626744e-03	7.988322572202310e-05
3.207305672379311e-02	1.297821729779023e-03	6.677866075895599e-05
3.288052799987133e-02	1.225532924930104e-03	6.172259699900709e-05
3.370832817279609e-02	1.064916198410433e-03	5.461992480262412e-05
3.455696904287441e-02	9.687501862169780e-04	4.957995749920985e-05
3.542697529549781e-02	8.293419338244046e-04	4.341520530974686e-05
3.631888482553727e-02	7.295629454105906e-04	3.900568441070393e-05
3.723324906990499e-02	6.791909062627008e-04	3.616250821835725e-05
3.817063334848891e-02	6.879697025050516e-04	3.537508378944314e-05
3.913161721367048e-02	5.687083720045280e-04	3.045003219168641e-05
4.011679480864185e-02	5.009216365888974e-04	2.738682246165710e-05
4.112677523474421e-02	4.878934823443664e-04	2.623873287448086e-05
4.216218292805413e-02	4.251255438866977e-04	2.334379533632843e-05
4.322365804545081e-02	4.057795499668836e-04	2.222720209740835e-05
4.431185686040308e-02	3.952145773715201e-04	2.107528047648347e-05
4.542745216872059e-02	3.409358584079589e-04	1.890345037098269e-05
4.657113370452030e-02	2.819271914487784e-04	1.635374852268931e-05
4.774360856666530e-02	3.062809048472248e-04	1.678816386807358e-05
4.894560165593967e-02	2.536825541356226e-04	1.452709373529547e-05
5.017785612322961e-02	2.277044944087743e-04	1.335751315915914e-05
5.144113382898804e-02	1.922007665095516e-04	1.226359752382048e-05
5.273621581426664e-02	1.869144551757447e-04	1.167862048776057e-05
5.406390278360662e-02	1.591645975733206e-04	1.031574115644663e-05
5.542501560008670e-02	1.388742062291240e-04	9.127752768005391e-06
5.682039579283449e-02	9.095289229552872e-05	7.073778437448062e-06
5.825090607731488e-02	1.071272598123040e-04	7.321551579557383e-06
5.971743088871737e-02	8.611159234701042e-05	6.244818885776805e-06
6.122087692877172e-02	8.793491570495768e-05	6.170479074340373e-06
6.276217372633047e-02	7.151259756073531e-05	5.175376159729012e-06
6.434227421206457e-02	5.683221374842169e-05	4.452413302614182e-06
6.596215530762750e-02	5.319275095572372e-05	4.125320385081709e-06
6.762281852965232e-02	4.301222884889596e-05	3.518420860914461e-06
6.932529060895486e-02	4.175504424668129e-05	3.370388866117763e-06
7.107062412532590e-02	3.093662585253023e-05	2.689401256856927e-06
7.285989815830510e-02	3.327907569446176e-05	2.750219298615426e-06
7.469421895433859e-02	2.633321291505511e-05	2.304852710368550e-06
7.657472061073302e-02	2.463428068487705e-05	2.138261909324561e-06
7.850256577682883e-02	2.451784470392246e-05	2.074866333336990e-06
8.047894637282628e-02	1.916094625263566e-05	1.713763098220281e-06
8.250508432670856e-02	2.001119962667479e-05	1.684146947980449e-06
8.458223232971777e-02	1.928464420117024e-05	1.610226654554420e-06
8.671167461085075e-02	1.889575267236378e-05	1.519074511081779e-06
8.889472773085354e-02	1.832856330762637e-05	1.452811422115502e-06
9.113274139620550e-02	1.693400932762613e-05	1.338067402785181e-06
9.342709929359638e-02	1.889355874033522e-05	1.392615553094671e-06
9.577921994541197e-02	1.664145600321197e-05	1.252585600573729e-06
9.819055758675765e-02	1.497921997623391e-05	1.146511564055144e-06
1.006626030645619e-01	1.270410793413598e-05	1.014535247853078e-06
1.031968847593153e-01	1.093917165039090e-05	9.023114259812689e-07
1.057949695300158e-01	1.182555873179248e-05	9.272054408074350e-07
1.084584636829035e-01	1.010484400276740e-05	8.444787549135195e-07
1.111890139645843e-01	8.741975178272092e-06	7.631351002183081e-07
1.139883085801566e-01	8.872045541262895e-06	7.632541294650409e-07
1.168580782369707e-01	7.881182646312142e-06	7.075672570734171e-07
1.198000972146646e-01	6.810635486383585e-06	6.482506646033200e-07
1.228161844621410e-01	5.084061454275132e-06	5.516723433149469e-07
1.259082047221599e-01	4.795722669006673e-06	5.394804055790765e-07
1.290780696842450e-01	4.188022986668877e-06	4.873391223418158e-07
1.323277391666156e-01	5.066493736871610e-06	5.349398387641978e-07
1.356592223278743e-01	3.376091350173283e-06	4.230599072779761e-07
1.390745789092008e-01	2.970733150345066e-06	3.859844719614603e-07
1.425759205078188e-01	3.180122977031875e-06	3.965763107588974e-07
1.461654118825237e-01	2.797274090852792e-06	3.635419373833629e-07
1.498452722920781e-01	2.728679214159727e-06	3.527455293053343e-07
1.536177768673034e-01	2.145034694103923e-06	3.090711848323988e-07
1.574852580177147e-01	2.481437186337346e-06	3.322260076181700e-07
1.614501068735687e-01	1.963801636800936e-06	2.897671507786551e-07
1.655147747642176e-01	2.655195720501904e-06	3.358591831321949e-07
1.696817747336816e-01	2.375438987925248e-06	3.161207337303157e-07
1.739536830943768e-01	1.627793856588891e-06	2.599007634891648e-07
1.783331410199608e-01	1.598273090742927e-06	2.573364959734285e-07
1.828228561782793e-01	1.914815860895519e-06	2.831720187009873e-07
1.874256044054237e-01	1.662394506303581e-06	2.636621139955346e-07
1.921442314219346e-01	1.428536113996234e-06	2.465729694002408e-07
1.969816545922132e-01	1.268722769411532e-06	2.348831106129552e-07
2.019408647282268e-01	1.427290201314710e-06	2.536538625805272e-07
2.070249279386246e-01	1.327376013080245e-06	2.565739723127668e-07
2.122369875244074e-01	1.072556749967746e-06	2.436739949801770e-07
2.175802659223219e-01	1.640668703062164e-06	3.155988007332982e-07
2.230580666971823e-01	1.453028774167365e-06	3.117934753411000e-07
2.286737765843506e-01	1.362874008431037e-06	3.168963340883310e-07
2.344308675836382e-01	1.291120973709233e-06	3.255316718413397e-07
2.403328991059238e-01	1.883028627236498e-06	4.119002950266608e-07
2.463835201738146e-01	1.488745933391263e-06	3.874312968909087e-07
2.525864716777105e-01	1.485838026537007e-06	3.971812805617396e-07
2.589455886886686e-01	1.447952730430439e-06	4.084013896836261e-07
2.654648028294945e-01	1.544645475249654e-06	4.447179465544640e-07
2.721481447055299e-01	6.234041083922770e-07	2.878335522338973e-07
2.789997463966363e-01	1.405416437087303e-06	4.540320959448251e-07
2.860238440119180e-01	2.361626435988719e-06	6.190370047624488e-07
2.932247803087621e-01	2.163614720245658e-06	6.092531834988694e-07
3.006070073778155e-01	1.965988939547569e-06	5.983287991397942e-07
3.081750893955594e-01	1.276747160511233e-06	4.833469321735183e-07
3.159337054461820e-01	4.051837590915554e-07	2.869634793103687e-07
3.238876524144951e-01	2.172711570540998e-07	2.175270209015084e-07
3.320168982168070e-01	9.432985758323268e-07	4.766354521380818e-07
