3.003969677978231e-02	1.433376484722957e-03	2.043222502296472e-04
3.079617532352126e-02	1.130984104163762e-03	1.717710688122452e-04
3.157170398588600e-02	1.079560515770856e-03	1.456015020594547e-04
3.236676249894910e-02	7.526424451469965e-04	1.031271292729609e-04
3.318184267569804e-02	7.238887293995443e-04	9.271278698613455e-05
3.401744871426435e-02	6.973881308502945e-04	8.324196022654517e-05
3.487409750981413e-02	6.137090704139164e-04	7.219954698722814e-05
3.575231897429276e-02	5.219830127925831e-04	6.067070287471124e-05
3.665265636422161e-02	5.520791308873938e-04	5.872598746736342e-05
3.757566661674958e-02	4.562469423618121e-04	4.907619845729957e-05
3.852192069416723e-02	4.527822872442689e-04	4.608783811429819e-05
3.949200393709676e-02	4.965432444889811e-04	4.556881460715212e-05
4.048651642657616e-02	3.582590624159921e-04	3.647898640828894e-05
4.150607335526169e-02	3.928896994236508e-04	3.571289807177837e-05
4.255130540797809e-02	4.023845445866459e-04	3.478601416953373e-05
4.362285915185220e-02	3.845053319110132e-04	3.222936493084110e-05
4.472139743627097e-02	2.915165169974926e-04	2.635865778485334e-05
4.584759980291171e-02	2.933349533103372e-04	2.532025397906963e-05
4.700216290609774e-02	2.865273349485961e-04	2.376022560676984e-05
4.818580094373986e-02	2.631697960007313e-04	2.181287049092221e-05
4.939924609912999e-02	2.553628108235204e-04	2.032946644860327e-05
5.064324899386036e-02	2.205246482889499e-04	1.834172202568915e-05
5.191857915214840e-02	2.236188200205369e-04	1.886140253484517e-05
5.322602547685452e-02	2.147501673243658e-04	1.700754539181596e-05
5.456639673748730e-02	1.669266046103625e-04	1.422193274890145e-05
5.594052207049791e-02	1.608044636870176e-04	1.376972547993749e-05
5.734925149217329e-02	1.744726533201617e-04	1.364092272265766e-05
5.879345642444533e-02	1.640779342010874e-04	1.269568302476200e-05
6.027403023394123e-02	1.262302935707437e-04	1.073382354313610e-05
6.179188878460866e-02	1.465388126099885e-04	1.105220363997055e-05
6.334797100425743e-02	1.188483327041196e-04	9.685566084127065e-06
6.494323946536822e-02	1.233317889483555e-04	9.423084859957809e-06
6.657868098052747e-02	1.089118533402755e-04	8.429602113096288e-06
6.825530721285705e-02	8.672258702214964e-05	7.181520514613593e-06
6.997415530181605e-02	8.235540252577463e-05	6.790970461801430e-06
7.173628850476194e-02	6.401282091005663e-05	5.639996866625275e-06
7.354279685466789e-02	6.736542662905644e-05	5.655593242636629e-06
7.539479783440320e-02	8.333507502884081e-05	5.991000675259283e-06
7.729343706799387e-02	5.517406670106376e-05	4.652159179910678e-06
7.923988902929086e-02	6.244423530164659e-05	4.740447342498711e-06
8.123535776848458e-02	5.113827979035472e-05	4.058835906717340e-06
8.328107765691486e-02	4.106874095795981e-05	3.509939984328689e-06
8.537831415063721e-02	3.456768035793728e-05	3.060773038416788e-06
8.752836457321769e-02	3.064051467895738e-05	2.769219689823509e-06
8.973255891824061e-02	2.678215731447577e-05	2.512880136094457e-06
9.199226067202550e-02	2.796164827659102e-05	2.470986932207681e-06
9.430886765706217e-02	2.637692590349033e-05	2.324293010122634e-06
9.668381289668590e-02	2.588202562062442e-05	2.215094230742907e-06
9.911856550152706e-02	1.934762248702831e-05	1.853105570398260e-06
1.016146315782843e-01	2.023841753999235e-05	1.841319649742676e-06
1.041735551613827e-01	1.638835190645647e-05	1.601934386069391e-06
1.067969191680937e-01	1.591430295864240e-05	1.559040530446336e-06
1.094863463777072e-01	1.224135546661938e-05	1.344631571316187e-06
1.122435004353623e-01	1.133600176347493e-05	1.271608029278141e-06
1.150700868811567e-01	9.666433541511089e-06	1.163398582935670e-06
1.179678542051717e-01	1.095444977318897e-05	1.230432516834858e-06
1.209385949290660e-01	7.433914109855810e-06	1.007498170178196e-06
1.239841467149066e-01	7.784799732280460e-06	1.036111205203602e-06
1.271063935019225e-01	8.796406254018937e-06	1.092238366552253e-06
1.303072666718861e-01	5.472195423389018e-06	8.382309775560843e-07
1.335887462438402e-01	6.058010616436446e-06	8.702305228715401e-07
1.369528620989132e-01	3.988904075334696e-06	6.910455192068655e-07
1.404016952359772e-01	5.064126229686747e-06	7.642190529885442e-07
1.439373790589269e-01	4.867936054516072e-06	7.412589300112722e-07
1.475621006963764e-01	4.695278625090934e-06	7.109188115720735e-07
1.512781023545883e-01	4.309103358767058e-06	6.736366518350725e-07
1.550876827044743e-01	3.902603010054644e-06	6.366811582010746e-07
1.589931983035228e-01	3.808827624600317e-06	6.242249645174263e-07
1.629970650535360e-01	2.463830224660500e-06	4.928597401994120e-07
1.671017596950748e-01	3.721550245983056e-06	6.058487289518389e-07
1.713098213395393e-01	3.945020732231458e-06	6.222616866088237e-07
1.756238530398304e-01	4.940881011925339e-06	6.966106219873901e-07
1.800465234005649e-01	3.719099718200147e-06	6.027523713254452e-07
1.845805682288399e-01	3.448456901955517e-06	5.821525782988731e-07
1.892287922265680e-01	3.880055646690509e-06	6.207781792649067e-07
1.939940707254302e-01	3.025249754961368e-06	5.551273715061805e-07
1.988793514655185e-01	4.102302706758117e-06	6.560711319648257e-07
2.038876564187709e-01	3.056389044522457e-06	5.842047417726091e-07
2.090220836583236e-01	3.080979270333103e-06	6.200216751288854e-07
2.142858092749400e-01	3.998787499262331e-06	7.399236332937324e-07
2.196820893416992e-01	2.770490273215369e-06	6.444715745778250e-07
2.252142619281610e-01	2.452729336092180e-06	6.340277955446209e-07
2.308857491652533e-01	3.222947174640742e-06	7.793987733053503e-07
2.367000593621578e-01	3.548947374143369e-06	8.559389512403114e-07
2.426607891765053e-01	3.467466335724354e-06	8.875641174117247e-07
2.487716258392220e-01	1.537105631588994e-06	6.150983715761796e-07
2.550363494354031e-01	3.154874588738634e-06	9.121996874712531e-07
2.614588352426246e-01	3.725615246163908e-06	1.034685997106666e-06
2.680430561281411e-01	2.334421736505547e-06	8.499872245540847e-07
2.747930850064493e-01	2.592945227646885e-06	9.384340650890245e-07
2.817130973587417e-01	2.354753190547508e-06	9.350206127344553e-07
2.888073738158050e-01	9.026606724996881e-07	5.833407986086554e-07
2.960803028059636e-01	1.657120529169277e-06	8.296810763624306e-07
3.035363832697048e-01	9.057867158851051e-07	6.409461191638145e-07
3.111802274426657e-01	1.438532482270890e-06	8.313425117615017e-07
3.190165637087034e-01	4.997164580920072e-07	5.000833561793821e-07
3.270502395248117e-01	2.240928689136411e-06	1.093674978330489e-06
3.336183782639954e-01	1.579969272322715e-06	1.181744464626687e-06
