1.829087044680087e-02	8.285847770077551e-03	9.383392894435961e-04
1.875167280401864e-02	9.303049305594337e-03	9.322642542443207e-04
1.922408416656151e-02	8.455120604159424e-03	7.585281203891048e-04
1.970839700039134e-02	5.840166034323416e-03	5.519030315333769e-04
2.020491113957231e-02	5.557423313842175e-03	4.980966181397704e-04
2.071393397189569e-02	4.551835581939922e-03	3.977977780807425e-04
2.123578062918106e-02	4.443607922534235e-03	3.610571530475691e-04
2.177077418237184e-02	5.022388850815434e-03	3.613672503043842e-04
2.231924584154579e-02	3.895290597112450e-03	2.928744226763109e-04
2.288153516096449e-02	4.195957278480746e-03	2.855065540491346e-04
2.345799024928851e-02	3.939373848252027e-03	2.603749132705641e-04
2.404896798508863e-02	3.598575174473354e-03	2.310008024714033e-04
2.465483423778640e-02	3.437668110173195e-03	2.150792688524565e-04
2.527596409416087e-02	3.517044196936656e-03	2.068774529163971e-04
2.591274209056170e-02	2.944337887665145e-03	1.775858942824691e-04
2.656556245097246e-02	2.690616837872815e-03	1.619947083027007e-04
2.723482933107139e-02	2.843075139699802e-03	1.567862515861207e-04
2.792095706844085e-02	2.714356542883116e-03	1.471773165056494e-04
2.862437043908030e-02	2.301509608236334e-03	1.284330039733566e-04
2.934550492038160e-02	2.429002221703356e-03	1.259942952767073e-04
3.008480696072942e-02	2.083248710874302e-03	1.103706100506348e-04
3.084273425589380e-02	2.073579127524457e-03	1.108791146131035e-04
3.161975603238574e-02	2.001702779130518e-03	1.105883223815511e-04
3.241635333795151e-02	1.857266206599874e-03	9.775447312161168e-05
3.323301933938530e-02	1.613484019032266e-03	8.830339914705944e-05
3.407025962784467e-02	1.560454142723183e-03	8.228895914395786e-05
3.492859253185790e-02	1.350223738959284e-03	7.324662142071652e-05
3.580854943821685e-02	1.253596232737374e-03	6.811778578496098e-05
3.671067512095413e-02	1.256371958177000e-03	6.553898222244207e-05
3.763552807860822e-02	1.150240428754983e-03	5.954876212435880e-05
3.858368087998524e-02	1.068997642649566e-03	5.546271538211076e-05
3.955572051863158e-02	9.708412383833454e-04	5.065786013264854e-05
4.055224877623678e-02	9.630966651557516e-04	4.863976564685738e-05
4.157388259519152e-02	8.270835438131182e-04	4.281235666846056e-05
4.262125446053158e-02	7.592001191770421e-04	3.964684908219062e-05
4.369501279150410e-02	7.638940351202475e-04	3.773407918077219e-05
4.479582234299855e-02	5.734036349010023e-04	3.104065172228356e-05
4.592436461709096e-02	5.609668390375688e-04	2.972500078239948e-05
4.708133828495624e-02	4.505573006564577e-04	2.539038892469540e-05
4.826745961940973e-02	4.803970070678816e-04	2.513570336839227e-05
4.948346293834570e-02	4.227991295512687e-04	2.228834196428735e-05
5.073010105934754e-02	3.496481088446010e-04	1.948695089125139e-05
5.200814576575088e-02	3.356964279324630e-04	1.828446221543469e-05
5.331838828444825e-02	2.949422449886723e-04	1.645788951176107e-05
5.466163977573107e-02	2.906307619922817e-04	1.577119111289812e-05
5.603873183547234e-02	2.658688668803645e-04	1.456463062927192e-05
5.745051700996068e-02	2.233363066014556e-04	1.285107413729573e-05
5.889786932370471e-02	2.263200704037168e-04	1.247647910677774e-05
6.038168482053441e-02	1.900084953787511e-04	1.102971884212766e-05
6.190288211833438e-02	1.657268453289574e-04	1.000779570996257e-05
6.346240297775260e-02	1.335104057123981e-04	8.691486669803983e-06
6.506121288523667e-02	1.237991574071914e-04	8.275715843181106e-06
6.670030165075838e-02	1.248668633731446e-04	8.145746631806104e-06
6.838068402059697e-02	1.151547383303524e-04	7.700787910809351e-06
7.010340030556012e-02	8.544690121966887e-05	6.559408050906273e-06
7.186951702503167e-02	9.637415234026614e-05	6.935996437222584e-06
7.368012756724510e-02	9.015480266825880e-05	6.665676399509007e-06
7.553635286619094e-02	7.132899506141036e-05	5.946150197974032e-06
7.743934209557790e-02	7.954034100931039e-05	6.212386443533546e-06
7.939027338027665e-02	5.906244917325669e-05	5.224044250613596e-06
8.139035452568727e-02	5.592579602663146e-05	5.020228320041517e-06
8.344082376548151e-02	4.990621715132092e-05	4.648055539341708e-06
8.554295052818305e-02	4.451819139951430e-05	4.295564909214175e-06
8.769803622306011e-02	3.514740102620439e-05	3.766955555524943e-06
8.990741504581720e-02	4.139733882066405e-05	4.003908218838394e-06
9.217245480458469e-02	3.280817382679954e-05	3.508612250468116e-06
9.449455776671736e-02	3.364011990558252e-05	3.556082573506906e-06
9.687516152692660e-02	3.368981077292201e-05	3.521754530630281e-06
9.931573989728340e-02	2.999370364010322e-05	3.267714926364511e-06
1.018178038196431e-01	2.618216795617662e-05	3.039630194297174e-06
1.043829023010570e-01	2.706233216876277e-05	3.084906013129727e-06
1.070126233727501e-01	2.484251646086290e-05	2.966990934368185e-06
1.097085950732574e-01	2.138252862508590e-05	2.740036799769197e-06
1.124724864563298e-01	1.820495389209528e-05	2.539785108492848e-06
1.153060086242311e-01	1.803805776800797e-05	2.539203618379144e-06
1.182109157870672e-01	1.446961047890353e-05	2.300879048990822e-06
1.211890063488031e-01	1.390716260051864e-05	2.289309182770841e-06
1.242421240206401e-01	1.590908565813667e-05	2.521129350397249e-06
1.273721589624417e-01	1.682840499449907e-05	2.736626266143633e-06
1.305810489529165e-01	1.180396253389511e-05	2.407850665478375e-06
1.338707805892803e-01	1.171266911350464e-05	2.523306762701110e-06
1.372433905171426e-01	4.355441219051601e-06	1.605159557294222e-06
1.407009666913766e-01	1.319702115076370e-05	2.972493835450181e-06
1.442456496687548e-01	1.738068553715460e-05	3.581079396312365e-06
1.478796339331503e-01	1.087288892205651e-05	2.955198157413092e-06
1.516051692541233e-01	1.149511232384522e-05	3.192662972362084e-06
1.554245620797347e-01	6.557117927233486e-06	2.471420557353913e-06
1.593401769644495e-01	1.468891215721427e-05	3.906396782532232e-06
1.633544380330121e-01	1.115324366470292e-05	3.546027434614805e-06
1.674698304812027e-01	1.422993494570126e-05	4.152621434469812e-06
1.716889021144008e-01	1.467979315957014e-05	4.438181994808415e-06
1.760142649249107e-01	8.819045516627303e-06	3.519151716885926e-06
1.804485967090243e-01	6.884213624251193e-06	3.181010153017392e-06
1.849946427248224e-01	8.080151089460679e-06	3.618062142986407e-06
1.896552173917413e-01	5.188207234531008e-06	2.998414246389070e-06
1.944332060329571e-01	7.171642953966772e-06	3.589018229678457e-06
1.993315666616644e-01	4.791756976427057e-06	3.013152505824292e-06
2.031879183682701e-01	9.502431473949712e-06	6.071445564345953e-06
