6.532015640417149e-03	8.858947854830208e-01	1.430615550830250e-01
6.696661144484193e-03	5.998276878690273e-01	5.111593950814348e-02
6.865456690973327e-03	7.535926802825009e-01	4.990816458141416e-02
7.038506885547505e-03	7.452917968303671e-01	4.359508272993793e-02
7.215918970552298e-03	7.146193408271900e-01	3.950183392476682e-02
7.397802891475925e-03	6.310044946211478e-01	3.293284959788948e-02
7.584271365084464e-03	7.615547670827318e-01	3.379591409908365e-02
7.775439949274479e-03	7.240754827823749e-01	3.053130936205895e-02
7.971427114686343e-03	7.887907569839464e-01	2.984453241078896e-02
8.172354318122649e-03	7.650288752109340e-01	2.744499029527354e-02
8.378346077817190e-03	7.381898100332847e-01	2.518223727591094e-02
8.589530050601164e-03	7.439254408920947e-01	2.340600669216871e-02
8.806037111014438e-03	7.456722810117340e-01	2.235503903150691e-02
9.028001432410868e-03	7.448991572926388e-01	2.110493278597661e-02
9.255560570107966e-03	7.536781657690425e-01	2.006200067371950e-02
9.488855546632419e-03	7.761165705745334e-01	1.952402542360368e-02
9.728030939114316e-03	7.815754165654815e-01	1.837680460045744e-02
9.973234968884210e-03	7.564023711939470e-01	1.731233073243564e-02
1.022461959332858e-02	7.334395882041921e-01	1.615699423173316e-02
1.048234060006056e-02	7.257364172235723e-01	1.532388519069195e-02
1.074655770346437e-02	6.647660568521607e-01	1.381467518501278e-02
1.101743464367321e-02	6.396469541289347e-01	1.658892409078505e-02
1.129513928804198e-02	6.598390044565524e-01	1.852207714700617e-02
1.157984373517774e-02	5.821767557894242e-01	1.559297688422357e-02
1.187172442159236e-02	5.395396844286748e-01	1.421476160009518e-02
1.217096223104336e-02	4.826243486955487e-01	1.274042103635101e-02
1.247774260663093e-02	4.446832114759003e-01	1.133748148033699e-02
1.279225566572036e-02	4.040212453847453e-01	1.029388842351125e-02
1.311469631776119e-02	3.358697017634730e-01	8.735594652374622e-03
1.344526438507618e-02	2.756273512520921e-01	7.285998281320564e-03
1.378416472669480e-02	2.158339233088570e-01	5.995016550799966e-03
1.413160736530810e-02	1.703168854535313e-01	4.967587160637213e-03
1.448780761742356e-02	1.284772358201749e-01	4.035575396637394e-03
1.485298622680066e-02	9.685043593218054e-02	3.289289932441415e-03
1.522736950124982e-02	6.325509180163991e-02	2.500546424916787e-03
1.561118945287937e-02	4.568612699809353e-02	1.978096704598607e-03
1.600468394187776e-02	3.240518010705738e-02	1.585722915639598e-03
1.640809682391978e-02	2.392785162402535e-02	1.306758903678668e-03
1.682167810128833e-02	1.731086873055515e-02	1.060037056243099e-03
1.724568407780545e-02	1.674169545450470e-02	9.932441513930378e-04
1.768037751766837e-02	1.306652558147011e-02	8.283915587249384e-04
1.812602780828926e-02	1.265897579294497e-02	7.873577265962802e-04
1.858291112723956e-02	1.115407974427964e-02	7.110402376830005e-04
1.905131061340215e-02	9.275448856423394e-03	6.181459088400695e-04
1.953151654243773e-02	1.016354254090616e-02	6.256564180458349e-04
2.002382650667384e-02	8.193151145268963e-03	5.403891781116582e-04
2.052854559952827e-02	7.163134604387580e-03	4.863431890791802e-04
2.104598660458101e-02	6.713372540150386e-03	4.559502428393813e-04
2.157647018941183e-02	5.332020243961565e-03	3.927230664202971e-04
2.212032510432388e-02	4.425109715781013e-03	3.462098870028568e-04
2.267788838607617e-02	3.542264330323578e-03	2.994125448616344e-04
2.324950556675139e-02	3.096047673818210e-03	2.772481303140266e-04
2.383553088788838e-02	2.152945373018922e-03	2.267445567583553e-04
2.443632752001209e-02	1.821134470813719e-03	2.056081714168764e-04
2.505226778769688e-02	1.467112631376251e-03	1.826238747855962e-04
2.568373340030286e-02	1.501176567297694e-03	1.830606873709246e-04
2.633111568852812e-02	1.306638275966211e-03	1.697034674053941e-04
2.699481584692341e-02	9.995068830157606e-04	1.499059040313228e-04
2.767524518251972e-02	9.848868518570180e-04	1.465497079776193e-04
2.837282536972269e-02	9.865216298827310e-04	1.439420105793042e-04
2.908798871163194e-02	1.204171666594688e-03	1.562477085567089e-04
2.982117840794707e-02	7.229538549991580e-04	1.189752661541213e-04
3.057284882962661e-02	6.774570208329972e-04	1.121567870156486e-04
3.134346580046991e-02	7.494079315609717e-04	1.165469323858565e-04
3.213350688579667e-02	6.282447644874379e-04	1.047465602161191e-04
3.294346168840274e-02	4.330969089533948e-04	8.562017720306845e-05
3.377383215197591e-02	5.584073196235149e-04	9.760456702788611e-05
3.462513287215954e-02	5.801845850977947e-04	9.855573621212105e-05
3.549789141545675e-02	3.534948808872413e-04	7.535476511695834e-05
3.639264864617302e-02	3.605396253750512e-04	7.602596736901476e-05
3.730995906159960e-02	2.897580386978815e-04	6.793226489769433e-05
3.825039113564552e-02	3.323911249980157e-04	7.260849528571479e-05
3.921452767113118e-02	2.570128407132193e-04	6.405142379446521e-05
4.020296616096188e-02	1.904994936021380e-04	5.532159261201254e-05
4.121631915840497e-02	2.569974817337872e-04	6.430526122159481e-05
4.225521465670025e-02	3.370073037192245e-04	7.463972288106026e-05
4.332029647823876e-02	1.459741745863812e-04	4.988252521785862e-05
4.441222467355121e-02	1.098306220140688e-04	4.488268384190343e-05
4.553167593035326e-02	1.783427508409493e-04	5.949836134507575e-05
4.667934399290118e-02	3.233879786698542e-04	8.455688674072496e-05
4.785594009191776e-02	1.369602575497020e-04	5.729322448188158e-05
4.906219338535490e-02	1.230026906389221e-04	5.740229942554841e-05
5.029885141026598e-02	6.248878912722175e-05	4.422117656479619e-05
5.156668054606819e-02	6.831069387665609e-05	4.833101260269776e-05
5.286646648948173e-02	7.780236711237290e-05	5.504656316752286e-05
5.419901474144034e-02	1.228705404574962e-04	7.102052931998672e-05
5.556515110627484e-02	4.597887397769291e-05	4.600364965706415e-05
5.696572220347905e-02	9.132280522298175e-05	6.460957338498114e-05
5.840159599237525e-02	1.381605112075078e-04	8.367131256912070e-05
5.987366231000433e-02	2.329067502121716e-04	1.130319101381453e-04
6.138283342257397e-02	2.923310579522705e-04	1.345296900904586e-04
6.293004459080652e-02	7.143697585147862e-05	6.370017065002921e-05
6.451625464953706e-02	0.000000000000000e+00	0.000000000000000e+00
6.614244660192076e-02	7.422375817267674e-05	7.427633585682704e-05
6.780962822861772e-02	0.000000000000000e+00	0.000000000000000e+00
6.951883271233306e-02	1.570404031274780e-04	1.111261926392030e-04
7.127111927809877e-02	0.000000000000000e+00	0.000000000000000e+00
7.260579794162005e-02	1.849987097895485e-04	1.851465812257582e-04
