3.003960070263133e-02	1.813175809419882e-03	5.101769445437416e-04
3.079588225374011e-02	1.448179087231067e-03	3.181686621111139e-04
3.157120406407900e-02	1.430469087432291e-03	2.659273225807952e-04
3.236604549410713e-02	1.512821657594329e-03	2.391379766515425e-04
3.318089797273534e-02	1.728053812393828e-03	2.350933416292870e-04
3.401626530116338e-02	1.327430972858158e-03	1.885163142186662e-04
3.487266396436658e-02	1.298956351976627e-03	1.679521508957360e-04
3.575062345042446e-02	9.206015759812823e-04	1.310836926537227e-04
3.665068657788889e-02	9.802779057064433e-04	1.266865858334992e-04
3.757340983139403e-02	6.207158112897362e-04	9.260031880890542e-05
3.851936370571578e-02	5.649244964610541e-04	8.326383605231986e-05
3.948913305849316e-02	4.641424752462095e-04	6.990459610807353e-05
4.048331747182999e-02	3.687717896124452e-04	5.953302515653091e-05
4.150253162300021e-02	2.678073844905276e-04	4.766620804948399e-05
4.254740566448620e-02	2.255008301692701e-04	4.154972042130552e-05
4.361858561358496e-02	1.548117246374495e-04	3.378525762292182e-05
4.471673375182314e-02	1.374693098971454e-04	2.943816159039668e-05
4.584252903442770e-02	9.148458061988257e-05	2.295490885786068e-05
4.699666751010555e-02	5.672953403514540e-05	1.715617632041115e-05
4.817986275139159e-02	5.547276467256016e-05	1.605224314997123e-05
4.939284629583127e-02	4.153589300542745e-05	1.316470444748480e-05
5.063636809827043e-02	9.045678037823679e-05	1.876384037556366e-05
5.191119699453203e-02	8.952861201642693e-05	1.857697598847549e-05
5.321812117676655e-02	1.096851559506413e-04	1.873907213599009e-05
5.455794868076978e-02	7.201697807773428e-05	1.503074136435400e-05
5.593150788556944e-02	9.779902162943994e-05	1.684464001250298e-05
5.733964802558954e-02	9.936460142887691e-05	1.641971566779670e-05
5.878323971570897e-02	8.633222193484072e-05	1.466669947362859e-05
6.026317548953904e-02	7.950973478379525e-05	1.384164097698453e-05
6.178037035125293e-02	6.164563767165231e-05	1.144519595533031e-05
6.333576234130783e-02	6.311801785968276e-05	1.106412809063141e-05
6.493031311641001e-02	5.488980156239549e-05	1.015322163863757e-05
6.656500854408112e-02	3.438089500044900e-05	7.582728228885797e-06
6.824085931219326e-02	2.441659972849685e-05	6.018772559333476e-06
6.995890155384998e-02	3.150622912880638e-05	6.937269715585669e-06
7.172019748799924e-02	2.269896191169477e-05	5.378803553438360e-06
7.352583607617463e-02	2.013959665054570e-05	4.954766885894910e-06
7.537693369577077e-02	2.476898410748811e-05	5.257952415532033e-06
7.727463483026911e-02	2.397286567303210e-05	4.942429328900497e-06
7.922011277684120e-02	2.017402607733626e-05	4.318309196726460e-06
8.121457037176634e-02	2.578684331456804e-05	4.649491941721104e-06
8.325924073411281e-02	2.414419105349621e-05	4.344478577966034e-06
8.535538802814185e-02	1.941362379796960e-05	3.746194431077324e-06
8.750430824490626e-02	1.732024418558207e-05	3.353751631856658e-06
8.970733000352642e-02	1.951917194035568e-05	3.462491965279912e-06
9.196581537263956e-02	1.807551033397133e-05	3.216255566842452e-06
9.428116071252987e-02	1.079287236934861e-05	2.403069889811515e-06
9.665479753846019e-02	8.278159561578918e-06	2.019584775812274e-06
9.908819340573910e-02	1.673443339827178e-05	2.782967991132007e-06
1.015828528170706e-01	1.804265431818399e-05	2.805622385683612e-06
1.041403181527473e-01	4.098102749214551e-05	4.109513884698606e-06
1.067621706242624e-01	8.647092926541850e-05	5.938816110009838e-06
1.094500312519299e-01	1.122714832049403e-05	2.087489519700413e-06
1.122055618671176e-01	1.132435422960639e-05	2.053241558866717e-06
1.150304661397121e-01	9.017826252960787e-06	1.826924825552195e-06
1.179264906314520e-01	1.131562538441686e-05	2.029183351370246e-06
1.208954258757795e-01	8.330925113311445e-06	1.724575372906367e-06
1.239391074848790e-01	1.724752132655935e-05	2.494656957646381e-06
1.270594172845859e-01	1.036068869985289e-05	1.926959650791990e-06
1.302582844778687e-01	1.204808760970077e-05	2.026752241855241e-06
1.335376868376032e-01	8.352112302124633e-06	1.654118418614587e-06
1.368996519293753e-01	8.788621601658068e-06	1.667963577070132e-06
1.403462583650704e-01	1.178389900959065e-05	1.885325914865252e-06
1.438796370880223e-01	1.204677126590065e-05	1.890643148123445e-06
1.475019726905181e-01	9.540101520185731e-06	1.639252797231555e-06
1.512155047644720e-01	9.049622561006456e-06	1.576674985334052e-06
1.550225292861046e-01	7.474119728334765e-06	1.431089667291930e-06
1.589254000354828e-01	8.325162429611130e-06	1.498203435612203e-06
1.629265300517979e-01	8.411948775245851e-06	1.479851505301889e-06
1.670283931252825e-01	7.520411747893192e-06	1.393479951258915e-06
1.712335253266879e-01	7.362369863072808e-06	1.375241013098201e-06
1.755445265752680e-01	8.126400781024646e-06	1.447681078473880e-06
1.799640622462388e-01	9.855793963086362e-06	1.590618430595741e-06
1.844948648187078e-01	8.866822345237146e-06	1.513939547150399e-06
1.891397355650914e-01	8.041936367551572e-06	1.447096831386118e-06
1.939015462830661e-01	8.907215163440307e-06	1.541187218878768e-06
1.987832410711231e-01	1.036019616349493e-05	1.689166727094576e-06
2.037878381488243e-01	6.164617638852623e-06	1.337477926862799e-06
2.089184317228859e-01	1.165945076946641e-05	1.948621220400139e-06
2.141781939002426e-01	1.147889822479368e-05	2.023968021445673e-06
2.195703766492750e-01	9.832190578007573e-06	1.955006166157177e-06
2.250983138104140e-01	5.313335778412450e-06	1.507203378956302e-06
2.307654231573634e-01	8.034987265406904e-06	1.972946464701327e-06
2.365752085102172e-01	5.252738497392291e-06	1.682457419314306e-06
2.425312619017763e-01	6.546202224390696e-06	1.969160517442744e-06
2.486372657984052e-01	9.674483400339078e-06	2.502235600240604e-06
2.548969953768011e-01	5.251663866931270e-06	1.923591767494516e-06
2.613143208580831e-01	3.847403143429881e-06	1.722549981128172e-06
2.678932099006455e-01	9.929783557190920e-06	2.836544869772154e-06
2.746377300532526e-01	3.285618106230808e-06	1.718953638973155e-06
2.815520512698950e-01	4.937871769144238e-06	2.206632734625762e-06
2.886404484879580e-01	4.087179135818781e-06	2.048476392044313e-06
2.959073042713002e-01	7.562730424995037e-06	2.862465344178108e-06
3.033571115198737e-01	2.333004170587271e-06	1.651322472510037e-06
3.109944762475623e-01	4.956831058586249e-06	2.481449690396248e-06
3.188241204299553e-01	7.814243377067568e-06	3.194945218105378e-06
3.268508849238169e-01	5.589622535839765e-06	2.798284442874709e-06
3.335169453095115e-01	0.000000000000000e+00	0.000000000000000e+00
