6.531919543127354e-03	3.435353522876851e-01	5.784518233063190e-02
6.696368011035575e-03	3.059593451741489e-01	2.602692351564123e-02
6.864956655260848e-03	3.080800592863284e-01	2.213640145393717e-02
7.037789709428179e-03	2.878914923755571e-01	1.899295288424989e-02
7.214974031362062e-03	2.931323189719308e-01	1.795378812801266e-02
7.396619169153672e-03	2.968055166448871e-01	1.614587424740409e-02
7.582837428891379e-03	3.136577856220803e-01	1.509811838664809e-02
7.773743944096441e-03	3.310766481249169e-01	1.464625963128536e-02
7.969456746906838e-03	3.506411451730856e-01	1.393927364525257e-02
8.170096841053218e-03	3.547402519025917e-01	1.313325965323076e-02
8.375788276672114e-03	3.491111719362550e-01	1.220143042458983e-02
8.586658227002653e-03	3.458181479922209e-01	1.134361990453222e-02
8.802837067014211e-03	3.443534176771053e-01	1.071665876258759e-02
9.024458454013583e-03	3.562658166009436e-01	1.035360064726311e-02
9.251659410281544e-03	3.360869321935608e-01	9.475489549582430e-03
9.484580407789885e-03	3.482420694227569e-01	9.208535658769017e-03
9.723365455051289e-03	3.098483183950832e-01	8.120341015207842e-03
9.968162186155746e-03	3.203201759786619e-01	7.941542631344431e-03
1.021912195204857e-02	3.083223607563371e-01	7.370127764011676e-03
1.047639991410641e-02	2.930004375900083e-01	6.840302507726930e-03
1.074015514006925e-02	2.725019649283711e-01	6.233287078299192e-03
1.101055070238742e-02	2.556176796900270e-01	7.072817399998602e-03
1.128775377904480e-02	2.515470627470401e-01	7.705705982722867e-03
1.157193575692024e-02	2.185025154092918e-01	6.262714471214677e-03
1.186327233775123e-02	2.033071201046102e-01	5.822065381018263e-03
1.216194364676541e-02	1.762770692564364e-01	5.115545473867096e-03
1.246813434404689e-02	1.565279061308029e-01	4.465521856945133e-03
1.278203373870641e-02	1.480754222365475e-01	4.170686060800277e-03
1.310383590592586e-02	1.252957251751155e-01	3.595929765119251e-03
1.343373980694949e-02	1.147145109338332e-01	3.215723948608029e-03
1.377194941209610e-02	9.602934524115006e-02	2.776609801049177e-03
1.411867382686811e-02	8.694413948885843e-02	2.519159738217939e-03
1.447412742123567e-02	7.691868293061815e-02	2.259373779961147e-03
1.483852996217556e-02	6.544374526146705e-02	1.966567554732770e-03
1.521210674954696e-02	5.865437598716139e-02	1.776799885683921e-03
1.559508875538802e-02	4.865424509281895e-02	1.503118792552695e-03
1.598771276671936e-02	4.277742597920058e-02	1.352590636699505e-03
1.639022153194290e-02	3.769242751079655e-02	1.208689011562829e-03
1.680286391092631e-02	3.170011195956474e-02	1.052948663824841e-03
1.722589502886613e-02	2.921805459461643e-02	9.667152686642834e-04
1.765957643402449e-02	2.369115033731078e-02	8.164822454797584e-04
1.810417625943707e-02	2.385345628973931e-02	7.910704236851176e-04
1.855996938869221e-02	2.039594948642771e-02	6.968537426222421e-04
1.902723762588372e-02	1.766690303243099e-02	6.180606876385969e-04
1.950626986984245e-02	1.638665169675188e-02	5.748268596907756e-04
1.999736229275433e-02	1.378050838471550e-02	5.064078987500334e-04
2.050081852327528e-02	1.288972622345913e-02	4.723872795558985e-04
2.101694983425633e-02	1.208510835452376e-02	4.403195658900538e-04
2.154607533519486e-02	1.037375884092520e-02	3.929536245513202e-04
2.208852216953101e-02	9.757572141366881e-03	3.699234948569930e-04
2.264462571691135e-02	8.536535703752473e-03	3.346560628668841e-04
2.321472980054466e-02	7.623062903659975e-03	3.120199697491636e-04
2.379918689977817e-02	8.267532055907141e-03	3.201009330532039e-04
2.439835836802563e-02	6.609628550443117e-03	2.800761596051320e-04
2.501261465618201e-02	6.554654172574745e-03	2.764643975029755e-04
2.564233554166286e-02	6.252129337817013e-03	2.686502294748664e-04
2.628791036321003e-02	5.651914447350962e-03	2.526870155772110e-04
2.694973826160890e-02	5.542141014193919e-03	2.514590638024475e-04
2.762822842646590e-02	4.425405837060283e-03	2.227171274086936e-04
2.832380034919894e-02	4.553297135012151e-03	2.203092091062661e-04
2.903688408239722e-02	4.240412206197281e-03	2.094394305435140e-04
2.976792050571063e-02	3.981065700387374e-03	1.991716437695397e-04
3.051736159843328e-02	3.633183067353832e-03	1.856425898655062e-04
3.128567071894960e-02	3.323418586811346e-03	1.757404750239556e-04
3.207332289121580e-02	3.073322526575147e-03	1.652201764569290e-04
3.288080509845388e-02	3.028344612509230e-03	1.617283217781433e-04
3.370861658423967e-02	2.852136492015364e-03	1.565213233699927e-04
3.455726916117111e-02	2.547075638673089e-03	1.467759748618715e-04
3.542728752730757e-02	2.376855907681617e-03	1.390245132632602e-04
3.631920959057604e-02	2.257888122739212e-03	1.352984107734510e-04
3.723358680134434e-02	1.866286513929558e-03	1.222015476541201e-04
3.817098449336753e-02	1.718269574828536e-03	1.176710573503125e-04
3.913198223331785e-02	1.714591286185252e-03	1.171434015335867e-04
4.011717417911451e-02	1.803397214318021e-03	1.206690479620913e-04
4.112716944727483e-02	1.525126147920624e-03	1.113088709825632e-04
4.216259248951394e-02	1.431389025329936e-03	1.091554323446991e-04
4.322408347882573e-02	1.321094278652397e-03	1.061251728244516e-04
4.431229870528374e-02	1.236355735789998e-03	1.057581898369185e-04
4.542791098180703e-02	1.017620354886400e-03	1.010592012537245e-04
4.657161006014142e-02	1.129825898184277e-03	1.118465053391817e-04
4.774410305731366e-02	9.052437067816320e-04	1.046219329721605e-04
4.894611489282201e-02	1.016783935347789e-03	1.174194587407555e-04
5.017838873683364e-02	8.742593051823577e-04	1.151044412115681e-04
5.144168646966588e-02	7.913863329285743e-04	1.147717707055815e-04
5.273678915283538e-02	8.255369615299483e-04	1.232235666931180e-04
5.406449751196657e-02	7.657383967334618e-04	1.245418306533207e-04
5.542563243185781e-02	6.425639901606282e-04	1.174336314397132e-04
5.682103546401139e-02	5.974346794327909e-04	1.188614788662351e-04
5.825156934694123e-02	6.045313987033306e-04	1.237443623376362e-04
5.971811853957985e-02	5.251176646393261e-04	1.207996480851120e-04
6.122158976811452e-02	4.381287761160105e-04	1.151937625112748e-04
6.276291258659059e-02	6.235216580481160e-04	1.409471194916908e-04
6.434303995162863e-02	3.723386580048437e-04	1.115694884131914e-04
6.596294881161080e-02	2.255017216352222e-04	8.843924600581085e-05
6.762364071070057e-02	2.292924953798928e-04	9.372333328478770e-05
6.932614240806936e-02	3.393993698818740e-04	1.176082427268234e-04
7.107150651271289e-02	1.120857027963049e-04	6.898540880073110e-05
7.250423306469501e-02	1.550688887711751e-04	1.097737208055440e-04
