6.531919544562967e-03	9.047781775335814e-01	7.190096094658835e-02
6.696368015414695e-03	8.147791425177831e-01	4.486642959949533e-02
6.864956662730782e-03	7.853068833080415e-01	3.932277151210162e-02
7.037789720141779e-03	7.464676749185055e-01	3.299760582067549e-02
7.214974045477919e-03	7.783971990099495e-01	3.145860114874872e-02
7.396619186836307e-03	7.491164169933704e-01	2.753615112858122e-02
7.582837450311439e-03	7.298446769270314e-01	2.463563769530879e-02
7.773743969430908e-03	7.916123891501489e-01	2.434476222940674e-02
7.969456776339234e-03	8.474505921841243e-01	2.339864071354703e-02
8.170096874773825e-03	7.969916459291271e-01	2.103669801184391e-02
8.375788314878195e-03	8.000009617387204e-01	1.984830700155371e-02
8.586658269898694e-03	8.008819010421528e-01	1.849432662512238e-02
8.802837114812140e-03	8.289752118018852e-01	1.785019756841709e-02
9.024458506933033e-03	8.253786466006987e-01	1.692773820140349e-02
9.251659468550099e-03	8.270169711320765e-01	1.585859648871042e-02
9.484580471643345e-03	8.537780665320727e-01	1.543249864876501e-02
9.723365524733935e-03	8.366446011252024e-01	1.433267788217761e-02
9.968162261920613e-03	8.264393360670949e-01	1.364427925039683e-02
1.021912203415774e-02	7.398082435241504e-01	1.212819250972278e-02
1.047640000283133e-02	7.075612957752833e-01	1.128046069872714e-02
1.074015523569097e-02	6.620019486068531e-01	1.025107425613647e-02
1.101055080519698e-02	6.119599056157841e-01	1.343937566368879e-02
1.128775388934352e-02	6.283720485303048e-01	1.571161448562046e-02
1.157193587502005e-02	5.298651778316315e-01	1.249808791899525e-02
1.186327246397502e-02	5.061531348225577e-01	1.167673821121033e-02
1.216194378144739e-02	4.640744670570660e-01	1.058651264574704e-02
1.246813448753294e-02	4.156478584159125e-01	9.188523803261977e-03
1.278203389135446e-02	3.746656272536413e-01	8.179596622568081e-03
1.310383606810630e-02	3.351052107812158e-01	7.265446877714605e-03
1.343373997904555e-02	2.891505398044907e-01	6.175041184708558e-03
1.377194959450424e-02	2.545226194221595e-01	5.414118314147081e-03
1.411867401999850e-02	2.163409976498911e-01	4.622152316280865e-03
1.447412762551258e-02	1.853204586321416e-01	4.003663205959339e-03
1.483853017803783e-02	1.480586665856702e-01	3.286022293617959e-03
1.521210697744846e-02	1.189143178760136e-01	2.760089172627466e-03
1.559508899579812e-02	9.321034346633858e-02	2.226957912694057e-03
1.598771302012346e-02	7.375665343218062e-02	1.869087261098245e-03
1.639022179884288e-02	5.691025777673023e-02	1.534824143151385e-03
1.680286419184112e-02	4.359644965428699e-02	1.262932804039635e-03
1.722589532433227e-02	3.371034475913288e-02	1.050935915044161e-03
1.765957674459660e-02	2.240672332720729e-02	7.989409081638357e-04
1.810417658568848e-02	1.564304133966582e-02	6.339414478857098e-04
1.855996973121556e-02	9.668669943574234e-03	4.715607586763621e-04
1.902723798529155e-02	6.371110443564360e-03	3.658691995811413e-04
1.950627024676783e-02	4.374320664952772e-03	2.918487053235286e-04
1.999736268785150e-02	2.654679545710146e-03	2.191363550166656e-04
2.050081893722033e-02	2.491237487076035e-03	2.044344628570085e-04
2.101695026774786e-02	2.353116355776709e-03	1.913502461339171e-04
2.154607578895469e-02	2.505017576809493e-03	1.912952102920866e-04
2.208852264430495e-02	2.524384304308686e-03	1.864448622749148e-04
2.264462621346990e-02	2.829499173032175e-03	1.912687805055746e-04
2.321473031968379e-02	3.288803662556814e-03	2.038663433559166e-04
2.379918744232012e-02	3.660305803865586e-03	2.113155419441928e-04
2.439835893481973e-02	3.650381458249074e-03	2.077020634208880e-04
2.501261524810554e-02	3.871584371527315e-03	2.118678452372800e-04
2.564233615962188e-02	3.394681651550907e-03	1.974937688387307e-04
2.628791100814031e-02	3.536784367517956e-03	1.993984684941095e-04
2.694973893447682e-02	2.805566549357490e-03	1.783732147567432e-04
2.762822912826939e-02	2.545860409381965e-03	1.686339325275754e-04
2.832380108096850e-02	1.989900107449240e-03	1.451836004661292e-04
2.903688484519687e-02	1.680314264871613e-03	1.316334587054061e-04
2.976792130063898e-02	1.320981806848008e-03	1.142149792158201e-04
3.051736242662460e-02	9.072806700410544e-04	9.249528896338180e-05
3.128567158157488e-02	7.553189828564695e-04	8.354694470532561e-05
3.207332378948395e-02	5.665451341247966e-04	7.067628970192269e-05
3.288080603361283e-02	4.023582480583722e-04	5.859454895514028e-05
3.370861755757761e-02	3.695688007763814e-04	5.633588569962356e-05
3.455727017401768e-02	3.611169052229568e-04	5.488999896813636e-05
3.542728858103519e-02	2.523764993676814e-04	4.514198261264404e-05
3.631921068660118e-02	2.600361926027840e-04	4.578083859202800e-05
3.723358794112888e-02	3.899476788510207e-04	5.587444308490260e-05
3.817098567842016e-02	3.849132019083160e-04	5.562787047763106e-05
3.913198346519549e-02	3.155886235183978e-04	5.030725779218471e-05
4.011717545942375e-02	3.282521902969455e-04	5.147135060059316e-05
4.112717077767351e-02	4.159035769418430e-04	5.827617998788082e-05
4.216259387171269e-02	2.778619220551251e-04	4.819374190112091e-05
4.322408491458951e-02	2.808380107015482e-04	4.907015998644534e-05
4.431230019643360e-02	2.446868265543348e-04	4.717478794105850e-05
4.542791253022174e-02	1.792375228177407e-04	4.228103861337007e-05
4.657161166775926e-02	2.139035516602998e-04	4.916100253236203e-05
4.774410472613418e-02	1.227095662469398e-04	3.878992221527830e-05
4.894611662490794e-02	1.839682130580940e-04	4.931919117280204e-05
5.017839053431278e-02	1.533476533963342e-04	4.856118017807051e-05
5.144168833473306e-02	1.902716397120382e-04	5.656151133666468e-05
5.273679108775451e-02	1.775959574896358e-04	5.723415026222472e-05
5.406449951907270e-02	1.763107789823562e-04	5.885435976389123e-05
5.542563451355929e-02	1.275440406615651e-04	5.215083988538460e-05
5.682103762279209e-02	1.272624958040065e-04	5.414514204510769e-05
5.825157158536280e-02	1.146321869969778e-04	5.448738522789562e-05
5.971812086028409e-02	2.202734676230898e-04	7.804318148073040e-05
6.122159217382574e-02	1.128124440678636e-04	5.999146353526604e-05
6.276291508011812e-02	2.079453535988049e-04	8.250384453365809e-05
6.434304253586941e-02	1.020563152828743e-04	5.821449999811090e-05
6.596295148955195e-02	3.685881972008024e-05	3.688522554965846e-05
6.762364348542210e-02	4.901710238596942e-05	4.284893580851391e-05
6.932614528274701e-02	6.480341544048369e-05	4.993038042610376e-05
7.107150949062097e-02	1.754214162567345e-04	8.788316025074435e-05
7.250423457987221e-02	0.000000000000000e+00	0.000000000000000e+00
