3.003969677978231e-02	1.759714615075163e-03	2.981486874259814e-04
3.079617532352126e-02	1.065538252594426e-03	1.566047359834124e-04
3.157170398588600e-02	9.269589087728236e-04	1.306392687362428e-04
3.236676249894910e-02	4.363687954107209e-04	7.880917420480951e-05
3.318184267569804e-02	3.091313081121931e-04	5.765437448395931e-05
3.401744871426435e-02	3.853664788440010e-04	6.081776737773867e-05
3.487409750981413e-02	3.883620628335079e-04	5.359919846294316e-05
3.575231897429276e-02	2.721926381519670e-04	4.122999876588841e-05
3.665265636422161e-02	3.920489362565205e-04	4.672197065643494e-05
3.757566661674958e-02	3.131523535716004e-04	3.867030240505952e-05
3.852192069416723e-02	4.644741638963668e-04	4.468057374203526e-05
3.949200393709676e-02	3.762493228034659e-04	3.720600218322049e-05
4.048651642657616e-02	4.362687425735067e-04	3.813407030757615e-05
4.150607335526169e-02	2.997322520053698e-04	2.995681918448513e-05
4.255130540797809e-02	3.088735214354725e-04	2.877242031842655e-05
4.362285915185220e-02	2.379919209721513e-04	2.425876114252979e-05
4.472139743627097e-02	1.694410079340798e-04	1.925226232470706e-05
4.584759980291171e-02	1.510949447223362e-04	1.735201477944376e-05
4.700216290609774e-02	1.077017286281905e-04	1.393864188724217e-05
4.818580094373986e-02	9.041919853362396e-05	1.214827003121438e-05
4.939924609912999e-02	6.341240488716234e-05	9.548007996120080e-06
5.064324899386036e-02	7.609927127987769e-05	1.021673605907117e-05
5.191857915214840e-02	7.360582561511117e-05	1.007962090813476e-05
5.322602547685452e-02	6.370557099706594e-05	8.662857127166349e-06
5.456639673748730e-02	7.540527375803736e-05	9.146761903738410e-06
5.594052207049791e-02	7.613026703873998e-05	8.808257838143701e-06
5.734925149217329e-02	6.116548039405521e-05	7.522662580575396e-06
5.879345642444533e-02	4.501322484413002e-05	6.292947329639697e-06
6.027403023394123e-02	4.710794459982386e-05	6.256203984565828e-06
6.179188878460866e-02	3.823778152949922e-05	5.294346432152324e-06
6.334797100425743e-02	2.169955507408576e-05	3.917082396535910e-06
6.494323946536822e-02	2.922712430972363e-05	4.395324418448156e-06
6.657868098052747e-02	2.335248584634224e-05	3.734297908775244e-06
6.825530721285705e-02	2.076882722828470e-05	3.328858275130065e-06
6.997415530181605e-02	2.048949867553667e-05	3.203045212894569e-06
7.173628850476194e-02	1.882773057703764e-05	2.908737541537203e-06
7.354279685466789e-02	1.803593080144708e-05	2.762785800562001e-06
7.539479783440320e-02	1.900916312265657e-05	2.712547820628225e-06
7.729343706799387e-02	1.007166353733309e-05	1.881596013030160e-06
7.923988902929086e-02	9.802225734422149e-06	1.783652720184387e-06
8.123535776848458e-02	1.300254235881214e-05	1.936899833056835e-06
8.328107765691486e-02	1.064395806353641e-05	1.689725238250727e-06
8.537831415063721e-02	8.599021801855111e-06	1.459601642791544e-06
8.752836457321769e-02	1.006667944000543e-05	1.512069861846474e-06
8.973255891824061e-02	8.504479982058638e-06	1.353924005242095e-06
9.199226067202550e-02	8.052805530064672e-06	1.262042691550737e-06
9.430886765706217e-02	5.852218885299106e-06	1.037794362371789e-06
9.668381289668590e-02	5.499113819159283e-06	9.735455799339501e-07
9.911856550152706e-02	5.409644485451575e-06	9.311780672860822e-07
1.016146315782843e-01	5.125022351507899e-06	8.811283968023201e-07
1.041735551613827e-01	5.496800598767593e-06	8.830239542760861e-07
1.067969191680937e-01	5.520215872178153e-06	8.745444789701866e-07
1.094863463777072e-01	4.434969359315176e-06	7.703480204469154e-07
1.122435004353623e-01	4.854082199430890e-06	7.947320132402230e-07
1.150700868811567e-01	4.297523913393339e-06	7.401701159386652e-07
1.179678542051717e-01	5.457449476558698e-06	8.289844818696784e-07
1.209385949290660e-01	5.229892903307879e-06	8.047056008386053e-07
1.239841467149066e-01	3.836751074842448e-06	6.940747087235264e-07
1.271063935019225e-01	4.970181559944134e-06	7.829527419279904e-07
1.303072666718861e-01	4.791646394919253e-06	7.478283168847433e-07
1.335887462438402e-01	4.217491360178294e-06	6.928756797530408e-07
1.369528620989132e-01	5.254559334515047e-06	7.579042693033257e-07
1.404016952359772e-01	4.298998392701422e-06	6.720463709345492e-07
1.439373790589269e-01	5.509155223499922e-06	7.512212786882380e-07
1.475621006963764e-01	4.010847635426993e-06	6.270472217812748e-07
1.512781023545883e-01	4.191530152222917e-06	6.313877801531063e-07
1.550876827044743e-01	4.024920283925202e-06	6.171286694891017e-07
1.589931983035228e-01	2.813305832296420e-06	5.128030276785900e-07
1.629970650535360e-01	2.612083518215304e-06	4.854237292419565e-07
1.671017596950748e-01	3.358227232935333e-06	5.478767208551445e-07
1.713098213395393e-01	2.871965768600586e-06	5.054313269909540e-07
1.756238530398304e-01	2.898571728338707e-06	5.105453008274034e-07
1.800465234005649e-01	3.729185088431150e-06	5.734837257551572e-07
1.845805682288399e-01	3.221040018144996e-06	5.372832882820049e-07
1.892287922265680e-01	2.822442000665658e-06	5.049955248800075e-07
1.939940707254302e-01	2.344566201037437e-06	4.657424198492078e-07
1.988793514655185e-01	2.231031306123938e-06	4.597870367652718e-07
2.038876564187709e-01	2.647956107494025e-06	5.178313177213336e-07
2.090220836583236e-01	1.686309164809338e-06	4.372738222678856e-07
2.142858092749400e-01	2.132702187292991e-06	5.131077443893232e-07
2.196820893416992e-01	1.947518126577559e-06	5.110468074974675e-07
2.252142619281610e-01	3.026658558924638e-06	6.725812481569126e-07
2.308857491652533e-01	3.164663417810152e-06	7.294148607951211e-07
2.367000593621578e-01	3.116456646986627e-06	7.609348833113852e-07
2.426607891765053e-01	4.281554513638962e-06	9.361099088673807e-07
2.487716258392220e-01	3.274085085422276e-06	8.583140746951502e-07
2.550363494354031e-01	1.878487835052233e-06	6.751126460533785e-07
2.614588352426246e-01	1.614096578953169e-06	6.468519194330213e-07
2.680430561281411e-01	1.637669275083894e-06	6.725086387928144e-07
2.747930850064493e-01	2.063986738669763e-06	8.009336200618034e-07
2.817130973587417e-01	1.143386493009207e-06	6.237563634880181e-07
2.888073738158050e-01	2.270141184785416e-06	8.996817101944992e-07
2.960803028059636e-01	2.667412284400318e-06	1.009589247250270e-06
3.035363832697048e-01	2.003513109400460e-06	8.974054111887667e-07
3.111802274426657e-01	8.771981524439700e-07	6.209249657326606e-07
3.190165637087034e-01	2.256423846737975e-06	1.010312675026628e-06
3.270502395248117e-01	9.284189762021642e-07	6.574856904569131e-07
3.336183782639954e-01	1.672767198604614e-06	1.186526498831302e-06
