6.537204885651922e-03	7.775194032513586e-01	2.041866835769200e-01
6.712498828574428e-03	9.667214249210000e-01	1.317611890782733e-01
6.892493246235420e-03	6.935955245462626e-01	9.123919308219351e-02
7.077314180997794e-03	6.483391089930450e-01	7.540016470187144e-02
7.267091055027153e-03	7.865495878800728e-01	7.785622470781610e-02
7.461956760920589e-03	7.898093969563772e-01	6.933178374129628e-02
7.662047754765672e-03	6.231726507754743e-01	5.562841328314950e-02
7.867504151694779e-03	7.164771869796749e-01	5.581664172420979e-02
8.078469824001719e-03	7.830822789823090e-01	5.398862654177786e-02
8.295092501889307e-03	7.685592495511733e-01	4.973730984365340e-02
8.517523876918495e-03	7.022707910872414e-01	4.418433361805652e-02
8.745919708231457e-03	8.071250501918092e-01	4.482118214244032e-02
8.980439931623025e-03	8.009821992442954e-01	4.213047467023587e-02
9.221248771536864e-03	7.857331015579643e-01	3.959697971465054e-02
9.468514856064794e-03	7.992671154086716e-01	3.778961893860366e-02
9.722411335029810e-03	8.101876990032398e-01	3.559932285276940e-02
9.983116001235462e-03	8.396187039791564e-01	3.478855264058306e-02
1.025081141496652e-02	7.423371937190331e-01	3.093282635521198e-02
1.052568503182813e-02	6.761082877315345e-01	2.794768262351024e-02
1.080792933401288e-02	6.531246935786871e-01	2.610890099433002e-02
1.109774196508785e-02	5.876407656513833e-01	2.628564536462156e-02
1.139532586839591e-02	6.239421324157670e-01	2.656813406132697e-02
1.170088942916822e-02	5.530007923287308e-01	2.349118928009975e-02
1.201464662044748e-02	4.297021387895952e-01	1.913679434229030e-02
1.233681715292403e-02	4.190378431483759e-01	1.828344530813318e-02
1.266762662878986e-02	4.116357105825105e-01	1.727616444257890e-02
1.300730669971810e-02	3.410317316417382e-01	1.498067471876896e-02
1.335609522907877e-02	3.254522207268095e-01	1.415925575608537e-02
1.371423645850426e-02	2.721027821867164e-01	1.201477565739012e-02
1.408198117892127e-02	2.321610716933678e-01	1.069426673720987e-02
1.445958690616894e-02	1.913000803897228e-01	9.222183105150203e-03
1.484731806132612e-02	1.507148085709799e-01	7.808729942499260e-03
1.524544615587411e-02	1.245266197116484e-01	6.777242082011216e-03
1.565424998182448e-02	1.012701552756142e-01	5.750964312121205e-03
1.607401580694515e-02	7.434033990964470e-02	4.671901246441066e-03
1.650503757522144e-02	5.628667547817737e-02	3.882622948695152e-03
1.694761711269239e-02	4.119848930079627e-02	3.190773034940378e-03
1.740206433880660e-02	2.675814051577452e-02	2.433303073143132e-03
1.786869748344550e-02	1.921370354630645e-02	1.951470894588590e-03
1.834784330976608e-02	1.263779529457396e-02	1.519866483540402e-03
1.883983734301910e-02	8.879468921573860e-03	1.227981811551641e-03
1.934502410550301e-02	4.006980771638697e-03	7.877371162766003e-04
1.986375735781813e-02	3.464345708970901e-03	7.017307523306587e-04
2.039640034659003e-02	2.230057810937284e-03	5.423898884170439e-04
2.094332605883550e-02	3.031653373822248e-03	6.138596941664873e-04
2.150491748314938e-02	3.449216133596456e-03	6.281911263483875e-04
2.208156787789503e-02	2.373398702095326e-03	5.018316167385810e-04
2.267368104658626e-02	3.498016073813688e-03	5.902650786523437e-04
2.328167162065361e-02	3.205412583485996e-03	5.578466671568627e-04
2.390596534979293e-02	2.841595388120170e-03	5.178834151516869e-04
2.454699940009960e-02	4.235058181062176e-03	6.235851081981227e-04
2.520522266019721e-02	2.942575158683161e-03	5.110266307487991e-04
2.588109605557497e-02	3.528551611474055e-03	5.587377347766127e-04
2.657509287135405e-02	3.069985443246715e-03	5.161748019267387e-04
2.728769908370881e-02	2.242806956856370e-03	4.480748063104324e-04
2.801941370017507e-02	2.282596838637165e-03	4.362432043657513e-04
2.877074910908366e-02	2.186018396783610e-03	4.218579012643945e-04
2.954223143836399e-02	9.340167093898742e-04	2.709537546126730e-04
3.033440092396878e-02	1.342913552783960e-03	3.160387322996480e-04
3.114781228817820e-02	6.633966466964368e-04	2.214178300437591e-04
3.198303512804798e-02	7.849303427057629e-04	2.338008160726143e-04
3.284065431427385e-02	4.339605254465749e-04	1.695225778870322e-04
3.372127040075130e-02	3.537357821623939e-04	1.560227008515576e-04
3.462550004511775e-02	2.654495321710374e-04	1.327818376919169e-04
3.555397644057140e-02	2.570299674824635e-04	1.285897660146007e-04
3.650734975926923e-02	4.317788259082398e-04	1.632752255362904e-04
3.748628760761466e-02	3.130245621024751e-04	1.400798704074536e-04
3.849147549375363e-02	1.924462440816719e-04	1.111665995842186e-04
3.952361730760658e-02	1.919353327526349e-04	1.108608135037775e-04
4.058343581377225e-02	3.196374429882648e-04	1.430099538220417e-04
4.167167315764878e-02	3.857489679237251e-04	1.575670713703863e-04
4.278909138512625e-02	3.347433857107470e-04	1.498083012829024e-04
4.393647297621465e-02	2.070168075074232e-04	1.195679780027323e-04
4.511462139298111e-02	2.990014950999728e-04	1.496532674600751e-04
4.632436164217985e-02	2.447679912678055e-04	1.414326407956377e-04
4.756654085296895e-02	1.860015116763379e-04	1.315702579809604e-04
4.884202887011864e-02	0.000000000000000e+00	0.000000000000000e+00
5.015171886312612e-02	0.000000000000000e+00	0.000000000000000e+00
5.149652795166391e-02	0.000000000000000e+00	0.000000000000000e+00
5.287739784779935e-02	4.348100432500333e-04	2.513875239566638e-04
5.429529551543508e-02	1.480807807746818e-04	1.481520379148541e-04
5.575121384743242e-02	1.629702611209236e-04	1.630534728904192e-04
5.724617236089159e-02	1.793060408532002e-04	1.794034265681306e-04
5.878121791107575e-02	2.162381917385240e-04	2.163702042684671e-04
6.035742542447876e-02	0.000000000000000e+00	0.000000000000000e+00
6.197589865155017e-02	0.000000000000000e+00	0.000000000000000e+00
6.363777093960413e-02	0.000000000000000e+00	0.000000000000000e+00
6.534420602645394e-02	2.783651634490471e-04	2.785597073666472e-04
6.709639885532770e-02	0.000000000000000e+00	0.000000000000000e+00
6.889557641163563e-02	0.000000000000000e+00	0.000000000000000e+00
7.074299858217542e-02	0.000000000000000e+00	0.000000000000000e+00
7.236617957055433e-02	0.000000000000000e+00	0.000000000000000e+00
