6.531919117736974e-03	7.592109260339474e-01	6.925383003538371e-02
6.696366713445120e-03	7.978883449320178e-01	4.564777143053167e-02
6.864954441822814e-03	7.293566624037772e-01	3.682434684059571e-02
7.037786534850146e-03	7.524135157532003e-01	3.329353253643727e-02
7.214969848651533e-03	7.639444902039223e-01	3.056275646587386e-02
7.396613929561183e-03	7.228893362737759e-01	2.707263873628275e-02
7.582831081851815e-03	7.417024967392030e-01	2.490846891446052e-02
7.773736437168517e-03	7.855739317199312e-01	2.388388139491922e-02
7.969448025710674e-03	8.148296352043625e-01	2.278965572318675e-02
8.170086849205966e-03	7.484703960791610e-01	2.011124684315268e-02
8.375776955721575e-03	7.900275935086092e-01	1.963627566513370e-02
8.586645516358821e-03	7.867868682356619e-01	1.825694810313345e-02
8.802822903878670e-03	8.132329486521390e-01	1.762637097046083e-02
9.024442773306718e-03	7.573469180234322e-01	1.599339285563709e-02
9.251642144567487e-03	8.235154079582103e-01	1.584884367510901e-02
9.484561487199120e-03	8.061304468210899e-01	1.490463504818075e-02
9.723344807200844e-03	7.753939655648341e-01	1.367101453082942e-02
9.968139736066932e-03	7.922488077299895e-01	1.328527752270907e-02
1.021909762206215e-02	7.996326255773142e-01	1.269871399829153e-02
1.047637362379519e-02	7.312776914990108e-01	1.150840110695442e-02
1.074012680614786e-02	7.014729969595610e-01	1.060405139725984e-02
1.101052023861944e-02	6.840833001727368e-01	1.489430525277475e-02
1.128772109614692e-02	6.761709942500662e-01	1.665001208139794e-02
1.157190076246351e-02	5.958051717147047e-01	1.376778059171405e-02
1.186323493605930e-02	5.559209437454985e-01	1.265480157924263e-02
1.216190373880953e-02	4.951422158574038e-01	1.112455101201152e-02
1.246809182733779e-02	4.345680225225671e-01	9.533159308525418e-03
1.278198850718285e-02	3.706958262885433e-01	8.140755810411293e-03
1.310378784983969e-02	3.049380331363055e-01	6.740062364006623e-03
1.343368881274725e-02	2.452554420944505e-01	5.451786562503632e-03
1.377189536229697e-02	1.820854071188889e-01	4.268388145199672e-03
1.411861659993816e-02	1.322932796976354e-01	3.304716293844666e-03
1.447406689145821e-02	9.033172396477593e-02	2.493399322834243e-03
1.483846599951756e-02	6.138278748326521e-02	1.896235327464658e-03
1.521203921952141e-02	4.141044284878859e-02	1.459178891721739e-03
1.559501751891208e-02	3.063044153040717e-02	1.163275424073190e-03
1.598763767996821e-02	2.058812362679308e-02	9.063345928505926e-04
1.639014244619909e-02	2.001206397293045e-02	8.557470381015034e-04
1.680278067242460e-02	1.741345418630494e-02	7.646546812632057e-04
1.722580747863356e-02	1.500583739176675e-02	6.785209351498150e-04
1.765948440771564e-02	1.277543353567822e-02	5.893691729036666e-04
1.810407958716429e-02	1.346124125964513e-02	5.854946732448836e-04
1.855986789485074e-02	1.235516048245441e-02	5.356999334893595e-04
1.902713112897150e-02	1.200083145990219e-02	5.041577334262155e-04
1.950615818227449e-02	9.732620666649592e-03	4.389543552130380e-04
1.999724522067143e-02	9.126585578243298e-03	4.087677483195045e-04
2.050069586634706e-02	7.360172153770579e-03	3.545951369773619e-04
2.101682138547821e-02	6.614071743589041e-03	3.238743247576949e-04
2.154594088067901e-02	4.831256450378600e-03	2.655792908677612e-04
2.208838148829098e-02	3.746141185202718e-03	2.271544599407393e-04
2.264447858064020e-02	2.802874069701566e-03	1.896235402083729e-04
2.321457597338639e-02	2.594468242230609e-03	1.801428871735704e-04
2.379902613809237e-02	1.814952609112684e-03	1.481617235780858e-04
2.439819042014498e-02	1.608694482169974e-03	1.371483494816594e-04
2.501243926216255e-02	1.228537128979883e-03	1.189714249038223e-04
2.564215243302676e-02	1.425255019702482e-03	1.271606780446154e-04
2.628771926268064e-02	1.352568035533116e-03	1.227906154248011e-04
2.694953888283789e-02	1.405954865460780e-03	1.262025797606183e-04
2.762802047375221e-02	1.220096819313235e-03	1.162984900287414e-04
2.832358351719940e-02	1.171044496716343e-03	1.109547950770801e-04
2.903665805582841e-02	1.025950399707350e-03	1.023041374728068e-04
2.976768495904195e-02	8.533992676586843e-04	9.154608399992295e-05
3.051711619557079e-02	6.493473080597100e-04	7.318579218284163e-05
3.128541511291048e-02	7.028793440101964e-04	7.481819016985994e-05
3.207305672379311e-02	6.491777331485656e-04	6.887103302984348e-05
3.288052799987133e-02	4.241621812701238e-04	5.425757674222192e-05
3.370832817279609e-02	5.003784472200940e-04	5.700840542867324e-05
3.455696904287441e-02	4.957947954791904e-04	5.559265460963516e-05
3.542697529549781e-02	4.630880345393135e-04	5.230521974317606e-05
3.631888482553727e-02	3.284028211846208e-04	4.234339161209109e-05
3.723324906990499e-02	3.229447267624188e-04	4.111061202698500e-05
3.817063334848891e-02	4.272555080360125e-04	4.655622321879166e-05
3.913161721367048e-02	3.175613134717878e-04	3.893274746863749e-05
4.011679480864185e-02	3.256842915252059e-04	3.860089604838925e-05
4.112677523474421e-02	2.165500924148442e-04	3.099723696242845e-05
4.216218292805413e-02	2.643685736781983e-04	3.366815052123669e-05
4.322365804545081e-02	2.057588952521786e-04	2.896188611791159e-05
4.431185686040308e-02	1.459004288299547e-04	2.363360471632769e-05
4.542745216872059e-02	1.794719012868000e-04	2.617308547656878e-05
4.657113370452030e-02	1.410379382990121e-04	2.312865700510472e-05
4.774360856666530e-02	1.710111709049135e-04	2.512824736636476e-05
4.894560165593967e-02	1.263976243200169e-04	2.090779311776258e-05
5.017785612322961e-02	1.070249667180837e-04	1.872749376810677e-05
5.144113382898804e-02	1.276880425975976e-04	2.073719204828318e-05
5.273621581426664e-02	6.796792337774247e-05	1.421357383016388e-05
5.406390278360662e-02	6.497734029001257e-05	1.370780511915063e-05
5.542501560008670e-02	9.473945632483748e-05	1.637595783375649e-05
5.682039579283449e-02	7.957533130780196e-05	1.434158967435047e-05
5.825090607731488e-02	7.941526844129134e-05	1.413521944936588e-05
5.971743088871737e-02	6.817209717548628e-05	1.239964812544564e-05
6.122087692877172e-02	5.766777271813048e-05	1.108067129840594e-05
6.276217372633047e-02	6.278592925083802e-05	1.121979640214303e-05
6.434227421206457e-02	4.833118412288874e-05	9.540260821751829e-06
6.596215530762750e-02	5.975805775075210e-05	1.039113458418996e-05
6.762281852965232e-02	4.591369331361122e-05	8.586802672875515e-06
6.932529060895486e-02	4.279914226722547e-05	8.075466701851352e-06
7.107062412532590e-02	3.334526738772097e-05	6.803825882744049e-06
7.285989815830510e-02	3.648520684129797e-05	7.010783789550323e-06
7.469421895433859e-02	2.328706068741349e-05	5.217311637998304e-06
7.657472061073302e-02	2.070990880566050e-05	4.740107118413005e-06
7.850256577682883e-02	1.681400254631372e-05	4.079043126672370e-06
8.047894637282628e-02	1.503433385857891e-05	3.635084581615924e-06
8.250508432670856e-02	2.232669063929919e-05	4.338929305016269e-06
8.458223232971777e-02	2.230153967369830e-05	4.215518139728659e-06
8.671167461085075e-02	1.506060304811273e-05	3.236691504184114e-06
8.889472773085354e-02	1.366223101745871e-05	2.983692509042323e-06
9.113274139620550e-02	2.016274964340850e-05	3.566653126446510e-06
9.342709929359638e-02	1.877719893307462e-05	3.328785732762385e-06
9.577921994541197e-02	1.722018979483053e-05	3.084333059939065e-06
9.819055758675765e-02	1.481874664689695e-05	2.740367868746667e-06
1.006626030645619e-01	1.476721021367655e-05	2.674986281495919e-06
1.031968847593153e-01	1.156149686895208e-05	2.260114813150039e-06
1.057949695300158e-01	6.604163110129296e-06	1.633534862404245e-06
1.084584636829035e-01	1.061769052339559e-05	2.101659859998537e-06
1.111890139645843e-01	1.375674303183708e-05	2.389229418612281e-06
1.139883085801566e-01	9.382896859744059e-06	1.902733509239455e-06
1.168580782369707e-01	1.221578856090356e-05	2.189635235948553e-06
1.198000972146646e-01	1.218744891467419e-05	2.178112205788701e-06
1.228161844621410e-01	9.808605255946370e-06	1.931587251083114e-06
1.259082047221599e-01	7.475187405650509e-06	1.667472334819290e-06
1.290780696842450e-01	9.534553594965192e-06	1.847752854967177e-06
1.323277391666156e-01	1.338801858032745e-05	2.227653994905318e-06
1.356592223278743e-01	1.015490151303979e-05	1.872391300519605e-06
1.390745789092008e-01	8.711883440230313e-06	1.678702201904774e-06
1.425759205078188e-01	7.837859106119731e-06	1.568743516481239e-06
1.461654118825237e-01	9.102247061203740e-06	1.673462316218938e-06
1.498452722920781e-01	1.197160888621438e-05	1.933831823743487e-06
1.536177768673034e-01	8.694761892796777e-06	1.601344982330732e-06
1.574852580177147e-01	8.370602130017316e-06	1.562229606837600e-06
1.614501068735687e-01	9.783446632332349e-06	1.681886570793964e-06
1.655147747642176e-01	8.832896010102312e-06	1.573841447069895e-06
1.696817747336816e-01	8.902348859950832e-06	1.576358779877235e-06
1.739536830943768e-01	6.341930689896003e-06	1.305449645176429e-06
1.783331410199608e-01	6.312534623069921e-06	1.301279667101434e-06
1.828228561782793e-01	6.915168632619170e-06	1.371140122768810e-06
1.874256044054237e-01	6.872060521818196e-06	1.368166373577051e-06
1.921442314219346e-01	6.608340813126889e-06	1.354051091549259e-06
1.969816545922132e-01	5.240866484143052e-06	1.204884375238108e-06
2.019408647282268e-01	4.721154439139396e-06	1.163405235020690e-06
2.070249279386246e-01	8.078260174075077e-06	1.625014425610781e-06
2.122369875244074e-01	6.230225179337488e-06	1.469962278078552e-06
2.175802659223219e-01	5.365163400002022e-06	1.430519450000472e-06
2.230580666971823e-01	6.785267372006975e-06	1.704585801104869e-06
2.286737765843506e-01	5.842448716415184e-06	1.646923275655221e-06
2.344308675836382e-01	7.926333328886601e-06	2.040054679689750e-06
2.403328991059238e-01	5.331172541010375e-06	1.722072207195796e-06
2.463835201738146e-01	5.353069020983282e-06	1.819256865180294e-06
2.525864716777105e-01	2.504919770918441e-06	1.263895054701786e-06
2.589455886886686e-01	2.061535879175480e-06	1.199232680658489e-06
2.654648028294945e-01	3.815119390014301e-06	1.733045312758131e-06
2.721481447055299e-01	8.297620383176455e-06	2.654922074899479e-06
2.789997463966363e-01	4.212654412358242e-06	1.939838280598067e-06
2.860238440119180e-01	4.684959322501741e-06	2.119990203954442e-06
2.932247803087621e-01	1.019519161002865e-05	3.295986815179425e-06
3.006070073778155e-01	3.104561907911241e-06	1.807886078186424e-06
3.081750893955594e-01	5.770229636436598e-06	2.611263109181488e-06
3.159337054461820e-01	7.168749119312438e-06	2.966956142203414e-06
3.238876524144951e-01	5.017050030480914e-06	2.533706934319119e-06
3.320168982168070e-01	1.355618869691648e-06	1.359509613148375e-06
