6.532112639261555e-03	5.705365045337284e-01	5.529968888537946e-02
6.696957033825959e-03	5.699450825427868e-01	3.191740500050193e-02
6.865961441531591e-03	5.150203368123780e-01	2.619066219190089e-02
7.039230844470083e-03	5.170953624757798e-01	2.272205140597321e-02
7.216872874061130e-03	5.380880048232208e-01	2.119568884004738e-02
7.398997877910937e-03	5.636645995944753e-01	1.980589379042700e-02
7.585718988357897e-03	5.651988740812619e-01	1.827131544334956e-02
7.777152192748098e-03	6.039637579199353e-01	1.758237718401906e-02
7.973416405484289e-03	6.081460915148614e-01	1.654172379945696e-02
8.174633541893090e-03	6.210642460606277e-01	1.554745961230283e-02
8.380928593956304e-03	6.111224297296752e-01	1.443571458084831e-02
8.592429707953384e-03	6.195643872306894e-01	1.364237501017876e-02
8.809268264063296e-03	6.183634280654736e-01	1.287865570366303e-02
9.031578957975198e-03	6.070327358877385e-01	1.204342177024708e-02
9.259499884558660e-03	6.001866017258997e-01	1.125067927607301e-02
9.493172623645383e-03	5.766669112556957e-01	1.045332774722005e-02
9.732742327975698e-03	5.435766129636749e-01	9.483642319073360e-03
9.978357813364491e-03	5.066682389581327e-01	8.711513653850200e-03
1.023017165114256e-02	4.084843178749321e-01	7.306029825774650e-03
1.048834026293079e-02	3.521441452931408e-01	6.416279966051904e-03
1.075302401780611e-02	2.910584696024738e-01	5.447463382073223e-03
1.102438733191947e-02	2.439624401862337e-01	6.204480838075936e-03
1.130259877062779e-02	2.138160970444550e-01	6.097037206719907e-03
1.158783115320335e-02	1.657724622480784e-01	4.657622554476093e-03
1.188026166018559e-02	1.278009253029295e-01	3.753638737872095e-03
1.218007194344203e-02	1.088759722638200e-01	3.249915076057929e-03
1.248744823900673e-02	8.903375711920838e-02	2.705654855136849e-03
1.280258148276631e-02	7.396054459371912e-02	2.320582527799028e-03
1.312566742906540e-02	6.211750933817650e-02	2.002596289624794e-03
1.345690677230529e-02	4.824434695455897e-02	1.628275135871596e-03
1.379650527161119e-02	4.038072481999650e-02	1.422710054964083e-03
1.414467387864557e-02	3.516846174523518e-02	1.265819751278161e-03
1.450162886864707e-02	3.113140266814196e-02	1.138473186690054e-03
1.486759197477625e-02	2.394290926230185e-02	9.405424560401037e-04
1.524279052585170e-02	2.267636428283920e-02	8.797123990123823e-04
1.562745758756209e-02	1.860420622300295e-02	7.426473857127833e-04
1.602183210724181e-02	1.691681255212052e-02	6.836740317261182e-04
1.642615906230017e-02	1.588463313662090e-02	6.379966453219429e-04
1.684068961239638e-02	1.328399942582343e-02	5.538698736434716e-04
1.726568125545481e-02	1.141989822046230e-02	4.908175323527544e-04
1.770139798761747e-02	1.037312783371794e-02	4.404748077276444e-04
1.814811046723298e-02	9.869069429887490e-03	4.126285057546668e-04
1.860609618298407e-02	7.988349106744360e-03	3.546006524940252e-04
1.907563962625786e-02	7.301055358943933e-03	3.255204985955693e-04
1.955703246786610e-02	6.982339440665525e-03	3.059929302210533e-04
2.005057373922517e-02	6.662675191914646e-03	2.891200210243211e-04
2.055657001810825e-02	5.858293022340093e-03	2.610326670980859e-04
2.107533561908524e-02	5.313828155309210e-03	2.391688044721133e-04
2.160719278876847e-02	4.834952329689296e-03	2.209041810278279e-04
2.215247190598583e-02	4.114552840020920e-03	1.975367367615690e-04
2.271151168700529e-02	3.767385221160676e-03	1.828488997858383e-04
2.328465939593856e-02	3.558247602844236e-03	1.760225027811641e-04
2.387227106045446e-02	3.442223075513239e-03	1.697765631012633e-04
2.447471169293609e-02	3.206751768230404e-03	1.614586180585462e-04
2.509235551721903e-02	2.646574333812160e-03	1.447017652719839e-04
2.572558620105157e-02	2.692535818549271e-03	1.454145156679455e-04
2.637479709442130e-02	2.624784315682953e-03	1.425313404136310e-04
2.704039147389612e-02	2.340614431783974e-03	1.354412946953810e-04
2.772278279313136e-02	2.129213454120895e-03	1.266752447407483e-04
2.842239493969883e-02	2.022425000340037e-03	1.211218937705645e-04
2.913966249839706e-02	1.724749011969230e-03	1.102103291748119e-04
2.987503102120661e-02	1.791075254576093e-03	1.101411612840838e-04
3.062895730405778e-02	1.588984577478266e-03	9.164557156137187e-05
3.140190967058298e-02	1.450883729343329e-03	8.407605212844540e-05
3.219436826302981e-02	1.484918300708805e-03	8.081377174222648e-05
3.300682534051563e-02	1.214239411837507e-03	7.024455277574244e-05
3.383978558480889e-02	1.228455651553576e-03	6.913863204817438e-05
3.469376641382713e-02	1.037795274711069e-03	5.998164282254765e-05
3.556929830304646e-02	9.886829613220006e-04	5.696059804508413e-05
3.646692511502214e-02	9.621453220401317e-04	5.427322632247750e-05
3.738720443722484e-02	8.477252650548605e-04	4.941150357522417e-05
3.833070792840265e-02	7.210283008497235e-04	4.390116480353636e-05
3.929802167368381e-02	7.265732016370391e-04	4.306215859004470e-05
4.028974654864090e-02	6.793318533437777e-04	4.029265982054805e-05
4.130649859254240e-02	5.697462197398310e-04	3.579130450377703e-05
4.234890939102380e-02	6.057564590210522e-04	3.607131430487527e-05
4.341762646841568e-02	6.143777223730526e-04	3.560502040690328e-05
4.451331368997262e-02	5.416662528234487e-04	3.257366338448014e-05
4.563665167425277e-02	5.003950107943548e-04	3.056963625511891e-05
4.678833821590421e-02	5.139978328420706e-04	3.058852829614752e-05
4.796908871912077e-02	4.146740827242969e-04	2.656766042972457e-05
4.917963664203651e-02	3.836413413043519e-04	2.472807102573180e-05
5.042073395233494e-02	3.681589818572517e-04	2.393484372595019e-05
5.169315159435606e-02	3.617118370712958e-04	2.428360147338540e-05
5.299767996799123e-02	3.186810826085700e-04	2.128735451177398e-05
5.433512941966346e-02	3.335542951511581e-04	2.190590671401985e-05
5.570633074569808e-02	3.031940698125800e-04	2.001351845199443e-05
5.711213570839653e-02	2.606752447620058e-04	1.762531622093346e-05
5.855341756513362e-02	2.828682745694315e-04	1.811039492083587e-05
6.003107161080734e-02	2.530602948270738e-04	1.660872271263589e-05
6.154601573397767e-02	1.843928560689732e-04	1.308934916769430e-05
6.309919098704034e-02	1.925274628411790e-04	1.311219949477950e-05
6.469156217078928e-02	1.978909172479431e-04	1.305610100983214e-05
6.632411843373132e-02	1.723595656525988e-04	1.152483999733100e-05
6.799787388652495e-02	1.659574629612536e-04	1.092164086142585e-05
6.971386823192530e-02	1.393984503336291e-04	9.671135172545279e-06
7.147316741062616e-02	1.345066115958086e-04	8.953590051187147e-06
7.327686426340072e-02	1.278074154673213e-04	8.583018178783574e-06
7.512607920995190e-02	1.097246678469893e-04	7.467914438045928e-06
7.702196094489425e-02	9.933763486832604e-05	6.851881093071288e-06
7.896568715129959e-02	9.384538874610812e-05	6.363956232762178e-06
8.095846523224980e-02	7.813590520155148e-05	5.467497136817469e-06
8.300153306085085e-02	7.495577967129972e-05	5.163564308731084e-06
8.509615974917449e-02	7.047966630710578e-05	4.822213943068907e-06
8.724364643660465e-02	6.447380958785340e-05	4.401339764782092e-06
8.944532709807881e-02	5.365588043779645e-05	3.851054863089401e-06
9.170256937272592e-02	5.794551264166210e-05	3.904997818459976e-06
9.401677541341603e-02	4.498657038608025e-05	3.258577841724297e-06
9.638938275774900e-02	4.681749055650187e-05	3.244278479929374e-06
9.882186522102354e-02	4.267770152544240e-05	2.985438219648906e-06
1.013157338117413e-01	4.093653596424928e-05	2.839494364437805e-06
1.038725376702144e-01	5.421684439566818e-05	3.284480015400988e-06
1.064938650308599e-01	9.078439148419631e-05	4.545939120932427e-06
1.091813442087787e-01	3.032578738609677e-05	2.284214644602640e-06
1.119366446112315e-01	2.541720146567551e-05	2.016534257962972e-06
1.147614777746405e-01	2.255611890872928e-05	1.866875468771637e-06
1.176575984277613e-01	2.088210552161400e-05	1.777449336367113e-06
1.206268055816843e-01	2.129398714370863e-05	1.785638916082966e-06
1.236709436473437e-01	2.369389125907751e-05	1.899042743996455e-06
1.267919035812280e-01	1.663193876908130e-05	1.558691528320407e-06
1.299916240600039e-01	1.489748479977536e-05	1.429569190017014e-06
1.332720926847822e-01	1.472494732715031e-05	1.403369880384052e-06
1.366353472157754e-01	1.265137442681826e-05	1.270088092147791e-06
1.400834768381127e-01	9.553355871291242e-06	1.070367785224628e-06
1.436186234595993e-01	1.033828585286854e-05	1.099666877182408e-06
1.472429830412257e-01	1.090687034980666e-05	1.114069082605505e-06
1.509588069612541e-01	1.000523026766860e-05	1.048106341383724e-06
1.547684034137283e-01	9.682316997716811e-06	1.026052669141881e-06
1.586741388422772e-01	9.822918097615663e-06	1.026984264596947e-06
1.626784394101009e-01	1.144394749435748e-05	1.098491816040606e-06
1.667837925070542e-01	9.610873678601500e-06	9.975330485153764e-07
1.709927482947622e-01	8.597081001106300e-06	9.343605026898824e-07
1.753079212907288e-01	8.176608673187225e-06	9.116894056744987e-07
1.797319919924217e-01	9.172696239264309e-06	9.673195325429944e-07
1.842677085423424e-01	8.112603866783522e-06	9.094328730790768e-07
1.889178884351169e-01	6.986854089105073e-06	8.422282643755811e-07
1.936854202676656e-01	8.413168489549929e-06	9.404987250285183e-07
1.985732655335404e-01	6.188292288058929e-06	8.105160131269204e-07
2.035844604625448e-01	6.126997562342202e-06	8.266234522707190e-07
2.087221179067776e-01	7.076445478558427e-06	9.396358907237779e-07
2.139894292742730e-01	8.357902460800300e-06	1.074628993886910e-06
2.193896665114386e-01	5.108998206111327e-06	8.697847957270295e-07
2.249261841355212e-01	5.644312528389932e-06	9.569631741159956e-07
2.306024213183652e-01	6.877815877381147e-06	1.122696458328866e-06
2.364219040227555e-01	7.293541822928339e-06	1.223758658525205e-06
2.423882471926738e-01	5.192928423902253e-06	1.079004009351777e-06
2.485051569988281e-01	5.785616505591221e-06	1.188086167186557e-06
2.547764331408505e-01	8.711030281942950e-06	1.503658714329922e-06
2.612059712075930e-01	5.770717833733662e-06	1.269118310980535e-06
2.677977650969878e-01	4.636463758936628e-06	1.195711682342579e-06
2.745559094969754e-01	6.047496182517978e-06	1.422755686265138e-06
2.814846024290411e-01	4.368341025760693e-06	1.249415483245547e-06
2.885881478559404e-01	4.230098074668107e-06	1.291174772222802e-06
2.958709583552329e-01	5.663769297020076e-06	1.519518145632080e-06
3.033375578602855e-01	3.999470859312535e-06	1.312105822212599e-06
3.109925844704478e-01	4.363074189629178e-06	1.412395160035060e-06
3.188407933321440e-01	4.208739903205504e-06	1.415906442522308e-06
3.268870595926739e-01	6.003611987276397e-06	1.760195526519281e-06
3.335400274002214e-01	1.999768419290617e-06	1.420935428653781e-06
