3.003979275467553e-02	4.290561305025751e-04	1.755007752366172e-04
3.079646808262219e-02	6.756338133501244e-04	2.068160062772828e-04
3.157220338067580e-02	6.468227770151121e-04	1.833131126058018e-04
3.236747875231942e-02	3.025890231683096e-04	1.035433096707832e-04
3.318278639441045e-02	3.743657071058093e-04	1.064166673458363e-04
3.401863090180195e-02	2.733170240548706e-04	8.447200919026618e-05
3.487552957963690e-02	3.027448355002409e-04	8.052789733193602e-05
3.575401276350899e-02	2.024596647221468e-04	6.248815089464297e-05
3.665462414768795e-02	3.163015328713544e-04	7.194654355663281e-05
3.757792112161253e-02	2.359740499875028e-04	5.786726971165964e-05
3.852447511485951e-02	2.041901036377504e-04	5.001502571981190e-05
3.949487195080213e-02	1.768287857841043e-04	4.315413549035536e-05
4.048971220917686e-02	1.541170318782197e-04	3.876982119490964e-05
4.150961159778287e-02	1.382863361981895e-04	3.478577587587666e-05
4.255520133354435e-02	1.522138462257376e-04	3.527412642539046e-05
4.362712853317138e-02	1.263347843879098e-04	2.993379722680160e-05
4.472605661366124e-02	9.270017337303924e-05	2.401408554556950e-05
4.585266570288792e-02	1.266556262174375e-04	2.709408546505283e-05
4.700765306053409e-02	9.988705648219566e-05	2.299828794436067e-05
4.819173350962594e-02	1.205818634894782e-04	2.372092651659412e-05
4.940563987893798e-02	7.097728867760807e-05	1.725466784607717e-05
5.065012345654160e-02	3.512026783931697e-05	1.164802570817908e-05
5.192595445477818e-02	6.654322843078311e-05	1.630004750406803e-05
5.323392248694435e-02	8.699799766950722e-05	1.704444005601260e-05
5.457483705598466e-02	4.715945582397723e-05	1.205488228017056e-05
5.594952805549381e-02	5.499380319198899e-05	1.284020363459952e-05
5.735884628333885e-02	6.312446598949906e-05	1.309677821520755e-05
5.880366396821893e-02	2.718874071338568e-05	8.278165310508493e-06
6.028487530948864e-02	2.791477012644801e-05	7.858317841814874e-06
6.180339703057910e-02	3.540747194096631e-05	8.672648028166202e-06
6.336016894635912e-02	2.850694263644111e-05	7.432040960876564e-06
6.495615454478773e-02	2.608478928454141e-05	7.062517553312947e-06
6.659234158321800e-02	1.444873098253651e-05	4.863675748586720e-06
6.826974269972119e-02	3.125001971479635e-05	6.878594520441341e-06
6.998939603980975e-02	1.363382965554932e-05	4.579487270757625e-06
7.175236589894662e-02	2.064947635822525e-05	5.207593931476088e-06
7.355974338123913e-02	1.785482634074773e-05	4.648477714428881e-06
7.541264707472445e-02	9.608208336948845e-06	3.217996388148914e-06
7.731222374366506e-02	1.443956485099545e-05	3.875473911100777e-06
7.925964903828259e-02	1.232912878525705e-05	3.432159449169972e-06
8.125612822236901e-02	6.177022389205035e-06	2.277535627630003e-06
8.330289691922585e-02	1.611657269483487e-05	3.564197248725824e-06
8.540122187639292e-02	6.769996339391054e-06	2.216508455841256e-06
8.755240174963980e-02	9.693499146180548e-06	2.541968881819993e-06
8.975776790670542e-02	1.168116625525051e-05	2.678026883438850e-06
9.201868525128315e-02	6.268419477526673e-06	1.904612445605996e-06
9.433655306776129e-02	7.935563796321198e-06	2.053737763926134e-06
9.671280588724172e-02	5.942882341595859e-06	1.718303848781005e-06
9.914891437537303e-02	5.537054619243065e-06	1.601399185405916e-06
1.016463862425471e-01	8.059722710736554e-06	1.875862126909326e-06
1.042067671770228e-01	7.590371656698114e-06	1.767166890525025e-06
1.068316418015543e-01	7.938491819249593e-06	1.778224012677485e-06
1.095226346541162e-01	5.073226502167956e-06	1.408800428253283e-06
1.122814111933314e-01	4.906322529068049e-06	1.358631977393968e-06
1.151096788292259e-01	7.036846934942906e-06	1.619709738392377e-06
1.180091879799468e-01	4.379035922912466e-06	1.265262310561669e-06
1.209817331550977e-01	5.593690958280418e-06	1.419409982774450e-06
1.240291540663635e-01	6.670483994770759e-06	1.555710978355321e-06
1.271533367661095e-01	2.673501023713712e-06	9.705103957434736e-07
1.303562148146617e-01	4.624715414660866e-06	1.247530549265321e-06
1.336397704769896e-01	5.582598499208642e-06	1.356446054376832e-06
1.370060359495319e-01	6.254364529873477e-06	1.412241933055737e-06
1.404570946179260e-01	4.899563319603431e-06	1.226207740938658e-06
1.439950823464170e-01	4.252270942756298e-06	1.126371027734851e-06
1.476221887997471e-01	4.547759796946235e-06	1.135319790599099e-06
1.513406587983414e-01	4.307330564475567e-06	1.089644729249639e-06
1.551527937076302e-01	5.578341713290534e-06	1.242846198798997e-06
1.590609528623663e-01	4.902972254603094e-06	1.151792308902780e-06
1.630675550268205e-01	4.620833784670400e-06	1.100671914875193e-06
1.671750798917574e-01	4.692925438668994e-06	1.102106390294746e-06
1.713860696091188e-01	3.272641849742309e-06	9.188090531344109e-07
1.757031303653647e-01	3.388694712723755e-06	9.354146013194591e-07
1.801289339944451e-01	3.840178733635156e-06	9.920342834804523e-07
1.846662196314013e-01	2.082506328819025e-06	7.367302406255650e-07
1.893177954076194e-01	4.221106995970709e-06	1.056009415475639e-06
1.940865401887864e-01	2.924976502339112e-06	8.823302396809223e-07
1.989754053566237e-01	2.957606918159726e-06	9.093071425232831e-07
2.039874166355001e-01	3.349806180450715e-06	9.931363508114358e-07
2.091256759650567e-01	3.864299694677306e-06	1.116732849669594e-06
2.143933634200008e-01	1.404656828266942e-06	7.027933190640693e-07
2.197937391782579e-01	3.344670148316518e-06	1.157328506172052e-06
2.253301455386995e-01	2.463007131740956e-06	1.038542334497891e-06
2.310060089896957e-01	5.870329896048112e-06	1.696792083944326e-06
2.368248423297733e-01	1.622906259938214e-06	9.377417061603177e-07
2.427902468416904e-01	4.726664344254749e-06	1.673257843873984e-06
2.489059145212750e-01	2.125457802421757e-06	1.199702457033867e-06
2.551756303624049e-01	6.819837533793675e-06	2.175860510962628e-06
2.616032746995455e-01	2.308406310737737e-06	1.362537195520450e-06
2.681928256092930e-01	4.810009747616308e-06	2.003764222223191e-06
2.749483613724107e-01	3.863206727766937e-06	1.857172085703765e-06
2.818740629978816e-01	3.858781721952054e-06	1.931312710723687e-06
2.889742168105401e-01	4.205701186062708e-06	2.108406892491910e-06
2.962532171038830e-01	2.180799274764710e-06	1.543496621779083e-06
3.037155688597034e-01	4.381043561025831e-06	2.195203055975022e-06
3.113658905362288e-01	3.741689645965989e-06	2.162914436958458e-06
3.192089169264902e-01	0.000000000000000e+00	0.000000000000000e+00
3.272495020886917e-01	5.565873065337249e-06	2.787369130603587e-06
3.337197647038554e-01	2.614550731127032e-06	2.616686253997450e-06
