6.532111736829316e-03	6.445137807214594e-01	8.362084205593466e-02
6.696954280981934e-03	5.732162859415093e-01	4.296844902075150e-02
6.865956745457025e-03	5.044247955919432e-01	3.450168908752400e-02
7.039224108839934e-03	5.258410289770261e-01	3.035920531925092e-02
7.216863998926208e-03	5.470508791369378e-01	2.901452016258395e-02
7.398986759576332e-03	5.221968094799033e-01	2.535297380853381e-02
7.585705519257581e-03	5.437835222352688e-01	2.365647985456504e-02
7.777136261315577e-03	5.547398346390336e-01	2.239181679078013e-02
7.973397896019200e-03	5.711881802763036e-01	2.102111180721542e-02
8.174612334423606e-03	5.988950485335759e-01	2.015592042862037e-02
8.380904564097229e-03	5.997741707815715e-01	1.906395433669115e-02
8.592402726759809e-03	5.973179740737659e-01	1.763462349475598e-02
8.809238197879675e-03	6.170147547223375e-01	1.702004906187144e-02
9.031545668279711e-03	6.122297178353082e-01	1.609673512438345e-02
9.259463227802727e-03	6.143276642705292e-01	1.517685605541610e-02
9.493132451088168e-03	6.312447557327924e-01	1.467991120951005e-02
9.732698485513468e-03	6.032930373083448e-01	1.346744080156289e-02
9.978310141354666e-03	5.720408407182438e-01	1.256026773560435e-02
1.023011998422230e-02	4.624882787372086e-01	1.060128189276793e-02
1.048828442982994e-02	3.959077304493944e-01	9.306361291114361e-03
1.075296384115438e-02	3.501399707395599e-01	8.233728326101973e-03
1.102432262804761e-02	3.032529214047538e-01	8.930916086086442e-03
1.130252934936263e-02	2.629038235866036e-01	8.539485878368825e-03
1.158775681765651e-02	2.055257241827098e-01	6.693804342992495e-03
1.188018220653566e-02	1.751297077967999e-01	5.810785394102357e-03
1.217998716071003e-02	1.451419869248804e-01	4.991450621116632e-03
1.248735790882468e-02	1.173760724208748e-01	4.147568264989723e-03
1.280248537913861e-02	1.005829867795108e-01	3.643073065657368e-03
1.312556531812298e-02	7.907724794601580e-02	3.056150646048993e-03
1.345679841205211e-02	6.899840982121588e-02	2.678316551906827e-03
1.379639041166299e-02	5.609947488262314e-02	2.317688037882439e-03
1.414455225996065e-02	4.433725270154546e-02	1.954814747815366e-03
1.450150022324876e-02	3.442916877010050e-02	1.636395237690677e-03
1.486745602546693e-02	3.213187877011114e-02	1.514897013396105e-03
1.524264698591807e-02	2.623075904989936e-02	1.309885055332349e-03
1.562730616047141e-02	2.288615293139547e-02	1.146612004987704e-03
1.602167248632890e-02	2.002190161076994e-02	1.032744720209410e-03
1.642599093044487e-02	1.969366784142061e-02	9.841987392654756e-04
1.684051264169115e-02	1.556672713333354e-02	8.360632018442350e-04
1.726549510686223e-02	1.408630503893320e-02	7.588621937257284e-04
1.770120231061733e-02	1.251954522072280e-02	6.762637983662389e-04
1.814790489945864e-02	1.067081505989961e-02	6.034309634445480e-04
1.860588034984777e-02	1.106913636518580e-02	5.868494938506366e-04
1.907541314056467e-02	8.461494346565962e-03	4.912337321509565e-04
1.955679492941620e-02	7.939010961889264e-03	4.580779462898729e-04
2.005032473440402e-02	7.226304190170780e-03	4.229540094687916e-04
2.055630911946441e-02	6.729485693883304e-03	3.929698235777876e-04
2.107506238489538e-02	6.858498496587849e-03	3.818439898330948e-04
2.160690676258932e-02	5.598973467585940e-03	3.336448188353536e-04
2.215217261619251e-02	4.913644118024757e-03	3.035189157913550e-04
2.271119864631575e-02	4.891598895301018e-03	2.934606950255974e-04
2.328433210092371e-02	3.664398646128372e-03	2.510547214842577e-04
2.387192899103353e-02	3.784110736004719e-03	2.505956989274781e-04
2.447435431185677e-02	3.445490036034734e-03	2.356799128860676e-04
2.509198226952201e-02	3.342138749635560e-03	2.291902511527007e-04
2.572519651351902e-02	3.137623441766558e-03	2.205345172049703e-04
2.637439037500874e-02	3.300828386716534e-03	2.253303998972890e-04
2.703996711114723e-02	2.698401486131013e-03	2.050879062002357e-04
2.772234015557531e-02	2.236300101433402e-03	1.831832146052875e-04
2.842193337522950e-02	2.079095221145553e-03	1.733733858261799e-04
2.913918133363372e-02	2.234284804575317e-03	1.769326639976355e-04
2.987452956083539e-02	1.924035375097898e-03	1.608236265543726e-04
3.062843483015356e-02	1.617327434807182e-03	1.441611144792278e-04
3.140136544191096e-02	1.393061740886677e-03	1.321337560775405e-04
3.219380151432623e-02	1.434173057971816e-03	1.314858782484675e-04
3.300623528174705e-02	1.614070068377827e-03	1.372554740286420e-04
3.383917140040935e-02	1.185821414947574e-03	1.179731834317719e-04
3.469312726191267e-02	1.258059283840460e-03	1.198176204644444e-04
3.556863331460616e-02	9.588785941882483e-04	1.032320969895166e-04
3.646623339308511e-02	1.103535558133170e-03	1.104091244871674e-04
3.738648505600249e-02	9.319214784438444e-04	1.007814785022785e-04
3.832995993240544e-02	8.704099523220057e-04	9.784287271863749e-05
3.929724407681179e-02	8.219394892326925e-04	9.502910172102090e-05
4.028893833324722e-02	7.778580854822193e-04	9.257348648056675e-05
4.130565870846911e-02	6.094293100087645e-04	8.237285951592695e-05
4.234803675460903e-02	6.138686880672097e-04	8.377842342377783e-05
4.341671996147144e-02	6.230727305677494e-04	8.569789201038329e-05
4.451237215873234e-02	6.417998516435300e-04	9.034168959491139e-05
4.563567392828768e-02	4.546144933625934e-04	8.019409988423104e-05
4.678732302700775e-02	4.695480853944403e-04	8.512966511667502e-05
4.796803482015996e-02	5.696464453808182e-04	9.835668885893215e-05
4.917854272576948e-02	4.594736476966694e-04	9.313594790844623e-05
5.041959867019352e-02	4.557508672360575e-04	9.772928251163022e-05
5.169197355519250e-02	3.755833936549776e-04	9.387081248066251e-05
5.299645773678795e-02	4.658519543253879e-04	1.083189834147867e-04
5.433386151620483e-02	2.640239233302182e-04	8.557648180732568e-05
5.570501564320308e-02	3.309342217294453e-04	9.993560571577379e-05
5.711077183211117e-02	2.662234953338242e-04	9.441832114660940e-05
5.855200329088205e-02	3.183320362102230e-04	1.065508557644201e-04
6.002960526350025e-02	3.048413326091132e-04	1.076870269896480e-04
6.154449558607701e-02	2.851520822660400e-04	1.084833979361634e-04
6.309761525697886e-02	2.280157732002426e-04	1.014238434087005e-04
6.468992902134385e-02	3.511600976312036e-04	1.261142285375266e-04
6.632242597034840e-02	6.066241276342453e-05	5.499844614199649e-05
6.799612015559708e-02	0.000000000000000e+00	0.000000000000000e+00
6.971205121901708e-02	2.779642030517578e-04	1.244306824906835e-04
7.147128503864833e-02	6.027802559931152e-05	6.032542263761490e-05
7.270764564158741e-02	4.847226095014975e-04	2.803723689802278e-04
