6.531919544562967e-03	7.592131477343913e-01	6.925364576515371e-02
6.696368015414695e-03	7.978901029543093e-01	4.564761795345309e-02
6.864956662730782e-03	7.293616479858279e-01	3.682464610713135e-02
7.037789720141779e-03	7.524032642109905e-01	3.329261338589529e-02
7.214974045477919e-03	7.639414442985468e-01	3.056260401635907e-02
7.396619186836307e-03	7.229006573493313e-01	2.707275995576679e-02
7.582837450311439e-03	7.417058827855036e-01	2.490831676475650e-02
7.773743969430908e-03	7.855583175069017e-01	2.388351201215663e-02
7.969456776339234e-03	8.148269713242964e-01	2.278947100303271e-02
8.170096874773825e-03	7.484933799775282e-01	2.011161102175531e-02
8.375788314878195e-03	7.900463920299307e-01	1.963659244826634e-02
8.586658269898694e-03	7.867484253979009e-01	1.825595879349816e-02
8.802837114812140e-03	8.132200837047855e-01	1.762618531988091e-02
9.024458506933033e-03	7.573648659372720e-01	1.599356634542404e-02
9.251659468550099e-03	8.235358851700901e-01	1.584891772971233e-02
9.484580471643345e-03	8.061088113461161e-01	1.490419625646892e-02
9.723365524733935e-03	7.754035553378360e-01	1.367110295060269e-02
9.968162261920613e-03	7.922536699196442e-01	1.328521240779274e-02
1.021912203415774e-02	7.996088219264752e-01	1.269842284733410e-02
1.047640000283133e-02	7.312695880277837e-01	1.150823430122971e-02
1.074015523569097e-02	7.014766531536017e-01	1.060395924073331e-02
1.101055080519698e-02	6.840801456198528e-01	1.489468383089208e-02
1.128775388934352e-02	6.761616544470894e-01	1.664971088867600e-02
1.157193587502005e-02	5.958115925133679e-01	1.376794423373205e-02
1.186327246397502e-02	5.559309562308693e-01	1.265497322846927e-02
1.216194378144739e-02	4.951244554034444e-01	1.112396261682114e-02
1.246813448753294e-02	4.345602389010597e-01	9.532924729384960e-03
1.278203389135446e-02	3.706789200443026e-01	8.140443291838535e-03
1.310383606810630e-02	3.049288105351999e-01	6.739753927446268e-03
1.343373997904555e-02	2.452441813464390e-01	5.451582054335938e-03
1.377194959450424e-02	1.820726730489590e-01	4.268147483017392e-03
1.411867401999850e-02	1.322920300113040e-01	3.304674322727518e-03
1.447412762551258e-02	9.032775775602038e-02	2.493295892988168e-03
1.483853017803783e-02	6.137494280213239e-02	1.896070339641230e-03
1.521210697744846e-02	4.140551598666981e-02	1.459081933938533e-03
1.559508899579812e-02	3.063083172804140e-02	1.163281161762574e-03
1.598771302012346e-02	2.058522779388671e-02	9.062494609412370e-04
1.639022179884288e-02	2.001508903351703e-02	8.558180113369380e-04
1.680286419184112e-02	1.741148510382780e-02	7.645882180171913e-04
1.722589532433227e-02	1.500544174930304e-02	6.785080717204569e-04
1.765957674459660e-02	1.277526894105701e-02	5.893568098872624e-04
1.810417658568848e-02	1.345999760339219e-02	5.854622360346654e-04
1.855996973121556e-02	1.235676962855237e-02	5.357276397117579e-04
1.902723798529155e-02	1.200018818593115e-02	5.041407306597132e-04
1.950627024676783e-02	9.731445908116523e-03	4.389222884386489e-04
1.999736268785150e-02	9.126734368342788e-03	4.087681131594692e-04
2.050081893722033e-02	7.359979122269123e-03	3.545860363144417e-04
2.101695026774786e-02	6.613462388195763e-03	3.238568171286783e-04
2.154607578895469e-02	4.831153062861811e-03	2.655737168749421e-04
2.208852264430495e-02	3.746268778959286e-03	2.271558242936057e-04
2.264462621346990e-02	2.802313125490845e-03	1.896027919508404e-04
2.321473031968379e-02	2.594444963601139e-03	1.801413740366194e-04
2.379918744232012e-02	1.815249064138294e-03	1.481746013190611e-04
2.439835893481973e-02	1.608157979358010e-03	1.371220219279238e-04
2.501261524810554e-02	1.228258025058963e-03	1.189575652187395e-04
2.564233615962188e-02	1.425506471275389e-03	1.271713539768035e-04
2.628791100814031e-02	1.352291577479895e-03	1.227773226310111e-04
2.694973893447682e-02	1.406211793863419e-03	1.262140389795580e-04
2.762822912826939e-02	1.220065550471376e-03	1.162956079459891e-04
2.832380108096850e-02	1.171190566455404e-03	1.109612796548007e-04
2.903688484519687e-02	1.025770017177210e-03	1.022938765752509e-04
2.976792130063898e-02	8.535964883738424e-04	9.155575204851090e-05
3.051736242662460e-02	6.220062973662626e-04	7.645394806806411e-05
3.128567158157488e-02	6.606606288684644e-04	7.803114791027986e-05
3.207332378948395e-02	6.312295187769655e-04	7.460496055691395e-05
3.288080603361283e-02	3.918157645487890e-04	5.819540139565740e-05
3.370861755757761e-02	4.864944637870971e-04	6.435146951831712e-05
3.455727017401768e-02	4.673292515859027e-04	6.251085841391387e-05
3.542728858103519e-02	4.538875427420194e-04	6.058809814697725e-05
3.631921068660118e-02	3.155532586645572e-04	5.047462593271494e-05
3.723358794112888e-02	2.909865552949018e-04	4.814430781057248e-05
3.817098567842016e-02	4.643408387610077e-04	6.085849163672977e-05
3.913198346519549e-02	3.232583983795865e-04	5.080100214317011e-05
4.011717545942375e-02	3.089009110571541e-04	4.985479548103054e-05
4.112717077767351e-02	1.816206477110031e-04	3.841621255413959e-05
4.216259387171269e-02	2.463503073195322e-04	4.523717047884851e-05
4.322408491458951e-02	2.071594636739874e-04	4.225341328217093e-05
4.431230019643360e-02	2.008475602625344e-04	4.252445255586033e-05
4.542791253022174e-02	2.583740822134425e-04	5.090073498099325e-05
4.657161166775926e-02	1.037865814133106e-04	3.395362079729326e-05
4.774410472613418e-02	1.522030665938049e-04	4.282234560067211e-05
4.894611662490794e-02	1.516369662476000e-04	4.480377714230218e-05
5.017839053431278e-02	1.587577069112675e-04	4.850261212623003e-05
5.144168833473306e-02	1.791032438551011e-04	5.474450206392742e-05
5.273679108775451e-02	1.266720358507704e-04	4.893324820033926e-05
5.406449951907270e-02	6.658177972656118e-05	3.695835091627762e-05
5.542563451355929e-02	1.296139226615578e-04	5.299738200377583e-05
5.682103762279209e-02	8.463055937436224e-05	4.492351793819142e-05
5.825157158536280e-02	1.128153031562768e-04	5.362175273148820e-05
5.971812086028409e-02	1.717074136374746e-04	6.918779263255121e-05
6.122159217382574e-02	1.514225977353135e-04	6.841295062829365e-05
6.276291508011812e-02	1.249309090809013e-04	6.328949230563247e-05
6.434304253586941e-02	6.659617993603482e-05	4.715266879920390e-05
6.596295148955195e-02	1.801398476477778e-04	8.062079926746475e-05
6.762364348542210e-02	1.581457255521023e-04	7.940115058245697e-05
6.932614528274701e-02	1.195939983680176e-04	6.910214993062203e-05
7.107150949062097e-02	0.000000000000000e+00	0.000000000000000e+00
7.250423457987221e-02	7.573238848137286e-05	7.579281985102558e-05
