6.531919542251160e-03	3.026674386363027e-01	2.395595791712429e-02
6.696368008362871e-03	3.192579330720480e-01	2.296248220845064e-02
6.864956650701734e-03	3.060800752163406e-01	1.959501644929734e-02
7.037789702889362e-03	2.995115836560239e-01	1.671336559378368e-02
7.214974022746750e-03	2.911653891522272e-01	1.496714559552571e-02
7.396619158361454e-03	2.995381189838330e-01	1.378468260049185e-02
7.582837415818102e-03	3.174731113529673e-01	1.294558338178322e-02
7.773743928634091e-03	3.248873331349764e-01	1.230937097418714e-02
7.969456728943404e-03	3.527338765068851e-01	1.192193252078681e-02
8.170096820472567e-03	3.456589751062988e-01	1.105991870252798e-02
8.375788253353847e-03	3.376636081707383e-01	1.022083306745191e-02
8.586658200821974e-03	3.632575861425281e-01	9.954084067658056e-03
8.802837037841767e-03	3.687973890197119e-01	9.489265478560863e-03
9.024458421715325e-03	3.774091388489298e-01	9.101707005859945e-03
9.251659374718573e-03	3.565805373310220e-01	8.316133752475781e-03
9.484580368818288e-03	3.671017684911676e-01	8.062367701486670e-03
9.723365412521976e-03	3.547472774507713e-01	7.428077626634591e-03
9.968162139914277e-03	3.636610769665236e-01	7.218130640110260e-03
1.021912190193498e-02	3.649832530060460e-01	6.877006089456292e-03
1.047639985995506e-02	3.490622465914464e-01	6.404581721416224e-03
1.074015508170857e-02	3.336182848173533e-01	5.904451612844764e-03
1.101055063963979e-02	3.187654907561851e-01	7.470738223841330e-03
1.128775371172632e-02	3.289695226511437e-01	8.596478082512035e-03
1.157193568484053e-02	2.977929362781506e-01	7.279291560376609e-03
1.186327226071323e-02	2.739973818344635e-01	6.611033278920816e-03
1.216194356456513e-02	2.690666346774496e-01	6.371323859142211e-03
1.246813425647323e-02	2.446291160043709e-01	5.618979345801819e-03
1.278203364554092e-02	2.370219529236323e-01	5.276275658811624e-03
1.310383580694247e-02	2.118554814653428e-01	4.706387273453722e-03
1.343373970191432e-02	1.930780787332768e-01	4.146546867880868e-03
1.377194930076716e-02	1.770413447488839e-01	3.744675669402247e-03
1.411867370899508e-02	1.585949395209872e-01	3.336740648100465e-03
1.447412729655961e-02	1.449016129477983e-01	3.018655950654900e-03
1.483852983042862e-02	1.312560928538486e-01	2.694309454905701e-03
1.521210661045214e-02	1.166291082884633e-01	2.397363864565686e-03
1.559508860865883e-02	1.007561098277387e-01	2.046025066541874e-03
1.598771261205956e-02	9.449447498497554e-02	1.907154749776770e-03
1.639022136904617e-02	8.426092706811993e-02	1.688190256524606e-03
1.680286373947594e-02	7.528590323730726e-02	1.506732112997011e-03
1.722589484853467e-02	6.741407100863217e-02	1.350687768755617e-03
1.765957624447343e-02	6.056172272733962e-02	1.195416853742243e-03
1.810417606031648e-02	5.464081736866094e-02	1.082438673597023e-03
1.855996917964038e-02	4.932217080143167e-02	9.761185824465621e-04
1.902723740652680e-02	4.397638403396601e-02	8.721730035286775e-04
1.950626963979408e-02	4.023885454464880e-02	8.002567299170246e-04
1.999736205161519e-02	3.623035395960623e-02	7.268423181052559e-04
2.050081827063274e-02	3.284940667204876e-02	6.634156217038842e-04
2.101694956968402e-02	3.014776258337227e-02	6.093766646005453e-04
2.154607505825221e-02	2.651464580288840e-02	5.489086468041633e-04
2.208852187976285e-02	2.482303347306945e-02	5.136815160121665e-04
2.264462541384742e-02	2.191863345824791e-02	4.640651635642185e-04
2.321472948369915e-02	2.002743397833237e-02	4.364273134431335e-04
2.379918656864924e-02	1.860686727116753e-02	4.121424194890267e-04
2.439835802209491e-02	1.626855148757163e-02	3.769417837833648e-04
2.501261429491407e-02	1.568430253976997e-02	3.664921851292456e-04
2.564233516450471e-02	1.365175382982256e-02	3.381592517829472e-04
2.628790996959056e-02	1.272921754428955e-02	3.229972520594374e-04
2.694973785093829e-02	1.096864225186637e-02	2.996661020797341e-04
2.762822799813507e-02	1.055706957581580e-02	2.917548046317778e-04
2.832379990257896e-02	9.248074911621738e-03	2.653016748016895e-04
2.903688361683869e-02	8.092462794347867e-03	2.445170035519393e-04
2.976792002054303e-02	7.714987048379469e-03	2.336965949113779e-04
3.051736109296434e-02	6.560683283554363e-03	2.102298900042333e-04
3.128567019246460e-02	6.269552694343709e-03	2.030847031113761e-04
3.207332234297694e-02	5.679160073474443e-03	1.886531398528473e-04
3.288080452769951e-02	4.706069034450441e-03	1.690714826742147e-04
3.370861599018358e-02	4.683831533256579e-03	1.683110471777544e-04
3.455726854300176e-02	4.281353007977677e-03	1.593455530464643e-04
3.542728688418735e-02	3.510936949826081e-03	1.414251718587704e-04
3.631920892164041e-02	3.468943983297159e-03	1.402010836536752e-04
3.723358610570109e-02	3.120973583709282e-03	1.323712321044030e-04
3.817098377009587e-02	2.754934417164432e-03	1.244437316714349e-04
3.913198148146754e-02	2.429734965155751e-03	1.165146662197960e-04
4.011717339770499e-02	2.382968360691705e-03	1.158281533508867e-04
4.112716863529428e-02	2.029400988068720e-03	1.073140310758757e-04
4.216259164591834e-02	1.671105308423957e-03	9.843647245857403e-05
4.322408260253782e-02	1.381365765902576e-03	9.068904462950940e-05
4.431229779519212e-02	1.252548340940462e-03	8.881207331991621e-05
4.542791003676503e-02	1.341056604698224e-03	9.671928717477500e-05
4.657160907896606e-02	9.645169600109789e-04	8.647054905683361e-05
4.774410203878453e-02	9.359243055320042e-04	8.863993569049061e-05
4.894611383568018e-02	9.584625302157784e-04	9.442382871082213e-05
5.017838763978046e-02	6.892741442046541e-04	8.476867903774586e-05
5.144168533136177e-02	6.854812638640579e-04	8.876329065496404e-05
5.273678797189862e-02	7.754130259014672e-04	9.979594052680638e-05
5.406449628697202e-02	3.996624679037693e-04	7.500796311600513e-05
5.542563116133557e-02	5.610262715041431e-04	9.177591127597621e-05
5.682103414644549e-02	3.862092592719624e-04	7.917793027042257e-05
5.825156798076822e-02	3.848739994814719e-04	8.341179095592671e-05
5.971811712318738e-02	3.451030543377028e-04	8.121113853662363e-05
6.122158829983986e-02	4.069866681908233e-04	9.388113734492121e-05
6.276291106471911e-02	2.857529808598496e-04	7.899088636437976e-05
6.434303837439226e-02	1.816439112957237e-04	6.546548128544242e-05
6.596294717718640e-02	3.212106806626944e-04	8.930777749766022e-05
6.762363901720830e-02	2.087634110521740e-04	7.399040242118684e-05
6.932614065357098e-02	1.790691520264941e-04	7.115074950697707e-05
7.107150469521002e-02	1.697733648373600e-04	7.063390987229479e-05
7.250423213993884e-02	1.457926089490272e-04	8.655190664878874e-05
