3.003960076233148e-02	1.261468226987615e-03	1.398049102376370e-04
3.079588243584661e-02	1.542026342057047e-03	1.532835055256389e-04
3.157120437471745e-02	1.247576651948784e-03	1.170376422682168e-04
3.236604593963398e-02	8.177588111597246e-04	8.234586283605572e-05
3.318089855974563e-02	7.093302674205055e-04	6.974938645350339e-05
3.401626603649874e-02	6.711122242404791e-04	6.022988121345202e-05
3.487266485512346e-02	6.509545949580088e-04	5.469000488832625e-05
3.575062450396261e-02	5.713978811333043e-04	4.747463453045339e-05
3.665068780184011e-02	4.601319948393457e-04	3.936494076539457e-05
3.757341123367126e-02	4.449925150034079e-04	3.599899086519435e-05
3.851936529452234e-02	3.855303307739668e-04	3.142105457662876e-05
3.948913484233242e-02	4.307442490586856e-04	3.118127426945131e-05
4.048331945951525e-02	3.590480368058459e-04	2.692022616056103e-05
4.150253382366492e-02	3.166853761801613e-04	2.389403730014762e-05
4.254740808759449e-02	3.239111236738406e-04	2.283375409060681e-05
4.361858826894252e-02	3.209858483779779e-04	2.182602048212113e-05
4.471673664958840e-02	2.692146678145055e-04	1.870025461586967e-05
4.584253218512337e-02	2.542376011603892e-04	1.750052038332247e-05
4.699667092463054e-02	2.386690284632002e-04	1.605872106550825e-05
4.817986644103329e-02	2.402001407678772e-04	1.539987211275664e-05
4.939285027227818e-02	2.083548359203123e-04	1.356289074969264e-05
5.063637237362521e-02	1.816060362245326e-04	1.256245174607602e-05
5.191120158132497e-02	2.100884513910434e-04	1.370360505783658e-05
5.321812608796939e-02	1.520390076884053e-04	1.058545499477001e-05
5.455795392981000e-02	1.658134574178052e-04	1.085575045603839e-05
5.593151348634504e-02	1.425680991362620e-04	9.627377814978418e-06
5.733965399248415e-02	1.331692988781595e-04	8.894064547871935e-06
5.878324606360755e-02	1.285978786293907e-04	8.405123418275389e-06
6.026318223384398e-02	1.221997935406962e-04	7.928197283719349e-06
6.178037750790065e-02	1.103657828518765e-04	7.144962052762066e-06
6.333576992678594e-02	8.988664523472906e-05	6.179829822233331e-06
6.493032114777497e-02	8.842905177618240e-05	5.981411001583182e-06
6.656501703897635e-02	8.282978750119181e-05	5.490425528486566e-06
6.824086828886802e-02	8.335095248168382e-05	5.298889388695111e-06
6.995891103117857e-02	6.678787557941576e-05	4.563000154785130e-06
7.172020748550098e-02	6.309909228745035e-05	4.163814154137816e-06
7.352584661403433e-02	5.973755735314604e-05	3.929660397974197e-06
7.537694479485990e-02	5.459317697453718e-05	3.591874690246990e-06
7.727464651216759e-02	5.278835952461283e-05	3.378144310144801e-06
7.922012506385975e-02	5.129403726817472e-05	3.191307419961253e-06
8.121458328696973e-02	4.103826917122688e-05	2.699385989656706e-06
8.325925430134362e-02	4.080405268091338e-05	2.594310904021073e-06
8.535540227204502e-02	3.625399082422849e-05	2.338786440623931e-06
8.750432319095434e-02	3.761232137043276e-05	2.288181569186668e-06
8.970734567804571e-02	3.492441150903557e-05	2.127286773186134e-06
9.196583180283688e-02	2.986766029875889e-05	1.896446974847074e-06
9.428117792652024e-02	3.043528665474735e-05	1.845437071087387e-06
9.665481556529529e-02	2.661829042813895e-05	1.667460129879433e-06
9.908821227543663e-02	2.936231805698471e-05	1.694674656654891e-06
1.015828725606445e-01	2.826274732098370e-05	1.609230605627244e-06
1.041403388022390e-01	5.338969782397535e-05	2.166605153906565e-06
1.067621922127726e-01	8.834709107859704e-05	2.802632435946380e-06
1.094500538136521e-01	1.931721983813384e-05	1.253303941928091e-06
1.122055854373714e-01	1.822505738859402e-05	1.193705040692093e-06
1.150304907549790e-01	1.636514659279471e-05	1.120516189256913e-06
1.179265163294111e-01	1.899532367761525e-05	1.201628763202797e-06
1.208954526953448e-01	1.509515372429886e-05	1.060724256552805e-06
1.239391354662375e-01	1.855601926161817e-05	1.183575911761297e-06
1.270594464692373e-01	1.375123445871877e-05	1.009429551753826e-06
1.302583149086660e-01	1.450009341268942e-05	1.009793704735282e-06
1.335377185587942e-01	1.379711857379987e-05	9.740026701033135e-07
1.368996849866463e-01	1.161401822034088e-05	8.752342300496237e-07
1.403462928055898e-01	1.059936924760961e-05	8.172852813706726e-07
1.438796729604869e-01	1.061659599579368e-05	8.093817665201846e-07
1.475020100451999e-01	1.020944402421231e-05	7.763329186575167e-07
1.512155436532668e-01	9.454950906862135e-06	7.375584585690629e-07
1.550225697625817e-01	9.960925107827274e-06	7.522355409042804e-07
1.589254421549363e-01	9.197096677179473e-06	7.184317036917723e-07
1.629265738712999e-01	1.049360899863968e-05	7.541693973226520e-07
1.670284387037375e-01	8.071648552572914e-06	6.586541820056888e-07
1.712335727248888e-01	7.671460988421037e-06	6.410156355513422e-07
1.755445758559537e-01	8.171512390125848e-06	6.625174797854228e-07
1.799641134741540e-01	7.348870354128145e-06	6.262841329023165e-07
1.844949180606640e-01	6.579462711311320e-06	5.951762318441828e-07
1.891397908900299e-01	7.396235641919898e-06	6.335512232437328e-07
1.939016037621231e-01	6.138057102270928e-06	5.832944603806089e-07
1.987833007776963e-01	7.049590477365908e-06	6.349356998547991e-07
2.037879001586419e-01	7.117540201836836e-06	6.564856628910599e-07
2.089184961140773e-01	7.372071847578830e-06	7.018522595455097e-07
2.141782607534111e-01	8.701481243356529e-06	8.067034053225680e-07
2.195704460475733e-01	5.988578133625889e-06	6.969233189873316e-07
2.250983858396211e-01	5.730947896180258e-06	7.188132338176170e-07
2.307654979059643e-01	4.604308904233657e-06	6.786254680692742e-07
2.365752860694847e-01	5.026020097709517e-06	7.490382723122869e-07
2.425313423658555e-01	7.517001072530218e-06	9.630602674558868e-07
2.486373492644000e-01	4.122090957961744e-06	7.460575533582270e-07
2.548970819448635e-01	5.435127818229888e-06	8.886366328317567e-07
2.613144106315055e-01	3.998313229119919e-06	7.883568595072443e-07
2.678933029859549e-01	3.980115996394292e-06	8.215975442841076e-07
2.746378265603083e-01	5.541751974178991e-06	1.009199415418871e-06
2.815521513119887e-01	4.594568814721003e-06	9.662382921423561e-07
2.886405521819172e-01	5.806754618113156e-06	1.117451398251819e-06
2.959074117375942e-01	5.688163819550938e-06	1.137471572758989e-06
3.033572228827229e-01	2.372047897796790e-06	7.584575261641436e-07
3.109945916350512e-01	3.700894222609438e-06	9.721063438495645e-07
3.188242399741476e-01	4.412579550526043e-06	1.095271223422589e-06
3.268510087608750e-01	4.627840287831156e-06	1.150733723562054e-06
3.335170083185374e-01	7.965998676600271e-06	1.999200474670272e-06
