3.003969677978231e-02	1.710148206594368e-04	8.923265998271777e-05
3.079617532352126e-02	5.475161052984769e-04	1.667980349382789e-04
3.157170398588600e-02	3.453442042377344e-04	1.089371937645348e-04
3.236676249894910e-02	3.219316991731690e-04	9.231761240735942e-05
3.318184267569804e-02	2.603565826114881e-04	7.542553376950042e-05
3.401744871426435e-02	3.240517131732739e-04	7.609660696473025e-05
3.487409750981413e-02	2.159042751177329e-04	5.966392240120816e-05
3.575231897429276e-02	1.320647662697620e-04	4.115768248413360e-05
3.665265636422161e-02	1.693893266549418e-04	4.333628835315566e-05
3.757566661674958e-02	1.742358970134182e-04	4.048981697076673e-05
3.852192069416723e-02	1.132262141608404e-04	3.052506400506629e-05
3.949200393709676e-02	1.173373673075874e-04	2.959845624193686e-05
4.048651642657616e-02	1.149558907629308e-04	2.757687652932897e-05
4.150607335526169e-02	1.210485554783079e-04	2.694650911944116e-05
4.255130540797809e-02	1.057886599724087e-04	2.379192293047298e-05
4.362285915185220e-02	7.582416636626015e-05	1.969729666543993e-05
4.472139743627097e-02	5.645694572236424e-05	1.573489230943165e-05
4.584759980291171e-02	6.536640084822681e-05	1.587865961169041e-05
4.700216290609774e-02	7.489935297003302e-05	1.632190125443212e-05
4.818580094373986e-02	5.160197105735765e-05	1.302671282258686e-05
4.939924609912999e-02	5.498583935094858e-05	1.264722620804296e-05
5.064324899386036e-02	4.768962609726169e-05	1.145584555758489e-05
5.191857915214840e-02	3.002089340395654e-05	8.773141992750849e-06
5.322602547685452e-02	3.494388033576694e-05	8.928732892495114e-06
5.456639673748730e-02	2.854618860450831e-05	8.020028230921005e-06
5.594052207049791e-02	2.667457010377013e-05	7.295315379178308e-06
5.734925149217329e-02	2.428322029899886e-05	6.740897350137938e-06
5.879345642444533e-02	2.266308937335571e-05	6.362068199973492e-06
6.027403023394123e-02	2.206580702045539e-05	5.926734114188529e-06
6.179188878460866e-02	1.835389317314749e-05	5.204397826430065e-06
6.334797100425743e-02	9.244664237007003e-06	3.533347277029548e-06
6.494323946536822e-02	1.506037319354878e-05	4.374470071470579e-06
6.657868098052747e-02	1.159397196756379e-05	3.710097133209965e-06
6.825530721285705e-02	1.708055039733239e-05	4.290373322091432e-06
6.997415530181605e-02	1.396948933906966e-05	3.790200274157710e-06
7.173628850476194e-02	4.407228051136046e-06	1.981457708060819e-06
7.354279685466789e-02	7.718467992335471e-06	2.585370968964031e-06
7.539479783440320e-02	1.031361559181996e-05	2.771896238687220e-06
7.729343706799387e-02	7.032954792431217e-06	2.222379298338079e-06
7.923988902929086e-02	9.109730472359931e-06	2.453102948832074e-06
8.123535776848458e-02	5.677094988399595e-06	1.801073560474239e-06
8.328107765691486e-02	8.032516089151866e-06	2.079684037412512e-06
8.537831415063721e-02	5.980507239270702e-06	1.731606633437969e-06
8.752836457321769e-02	6.219629791188346e-06	1.690801925761471e-06
8.973255891824061e-02	7.313459302816183e-06	1.778530617499126e-06
9.199226067202550e-02	4.201324629170815e-06	1.305669999250372e-06
9.430886765706217e-02	6.262451371194339e-06	1.522289614232468e-06
9.668381289668590e-02	4.792893954315011e-06	1.283429609332726e-06
9.911856550152706e-02	4.039158133812799e-06	1.140549421839064e-06
1.016146315782843e-01	4.807616412397782e-06	1.213721830957671e-06
1.041735551613827e-01	4.670276915983721e-06	1.154627581609243e-06
1.067969191680937e-01	4.495304013670714e-06	1.120815934915272e-06
1.094863463777072e-01	4.332610026054637e-06	1.080270710945647e-06
1.122435004353623e-01	4.356300429642663e-06	1.058064392925415e-06
1.150700868811567e-01	3.842576770854708e-06	9.934669638467691e-07
1.179678542051717e-01	3.929283485913839e-06	9.928898242579069e-07
1.209385949290660e-01	4.261895923991367e-06	1.025531067469897e-06
1.239841467149066e-01	4.957190922235305e-06	1.110236864189667e-06
1.271063935019225e-01	3.555947019168136e-06	9.358024668285575e-07
1.303072666718861e-01	4.127255849295147e-06	9.917152475482869e-07
1.335887462438402e-01	2.803266122366453e-06	8.040172189692097e-07
1.369528620989132e-01	4.598113550277091e-06	1.004358044803355e-06
1.404016952359772e-01	2.324118268863663e-06	6.997266631772424e-07
1.439373790589269e-01	4.534272489272609e-06	9.687107628012426e-07
1.475621006963764e-01	3.933951526120542e-06	8.803760499308977e-07
1.512781023545883e-01	3.869190708462456e-06	8.583755622231736e-07
1.550876827044743e-01	2.990823248483362e-06	7.569561281903879e-07
1.589931983035228e-01	3.732339591026361e-06	8.353461349779291e-07
1.629970650535360e-01	2.345003842708172e-06	6.505173081145311e-07
1.671017596950748e-01	3.532033685550243e-06	7.974991440001758e-07
1.713098213395393e-01	2.943860874121678e-06	7.285470057678181e-07
1.756238530398304e-01	3.328109756332990e-06	7.735359581093285e-07
1.800465234005649e-01	2.493261428795704e-06	6.662193223310910e-07
1.845805682288399e-01	3.474198441610998e-06	7.900198505116046e-07
1.892287922265680e-01	2.551256372714397e-06	6.805338019563803e-07
1.939940707254302e-01	1.948113092132794e-06	6.015406518779502e-07
1.988793514655185e-01	3.518018343595051e-06	8.185908277757288e-07
2.038876564187709e-01	2.033929412141735e-06	6.374088719572365e-07
2.090220836583236e-01	1.967115098781661e-06	6.637052863027877e-07
2.142858092749400e-01	1.740559523377206e-06	6.585496246705666e-07
2.196820893416992e-01	2.428498391399293e-06	8.100199326132249e-07
2.252142619281610e-01	1.594860227819502e-06	6.936694309368828e-07
2.308857491652533e-01	3.950362622929530e-06	1.147587019234111e-06
2.367000593621578e-01	3.632037034691227e-06	1.159861045796845e-06
2.426607891765053e-01	2.512237918657157e-06	1.034325789420950e-06
2.487716258392220e-01	3.136266042918484e-06	1.179425762892655e-06
2.550363494354031e-01	3.384948795735226e-06	1.281354999454583e-06
2.614588352426246e-01	5.576175544448565e-07	5.579297084107459e-07
2.680430561281411e-01	3.146503254954913e-06	1.335926274017787e-06
2.747930850064493e-01	2.712140520879927e-06	1.290841950020096e-06
2.817130973587417e-01	2.059437119031366e-06	1.190967014315993e-06
2.888073738158050e-01	3.432356668522568e-06	1.541249154240108e-06
2.960803028059636e-01	3.470469799729438e-06	1.634688175343397e-06
3.035363832697048e-01	1.186149684832643e-06	9.749486116594582e-07
3.111802274426657e-01	3.472447399922172e-06	1.738141399553995e-06
3.190165637087034e-01	0.000000000000000e+00	0.000000000000000e+00
3.270502395248117e-01	3.819100953665812e-06	1.912314795503332e-06
3.336183782639954e-01	1.734701605490086e-06	1.736118458133623e-06
