6.531919117736974e-03	9.058142277540081e-01	6.971550474173666e-02
6.696366713445120e-03	9.615715454561361e-01	4.372213502328050e-02
6.864954441822814e-03	8.305036370355152e-01	3.531729192595602e-02
7.037786534850146e-03	8.101076072466025e-01	2.995565577144610e-02
7.214969848651533e-03	8.696014174324915e-01	2.888258936580965e-02
7.396613929561183e-03	8.908660471566126e-01	2.673814279783562e-02
7.582831081851815e-03	8.828311526877828e-01	2.414665446381684e-02
7.773736437168517e-03	8.950554135088928e-01	2.250126919004900e-02
7.969448025710674e-03	8.781936670846308e-01	2.072209980878245e-02
8.170086849205966e-03	9.474431624666958e-01	2.037174376328590e-02
8.375776955721575e-03	9.469263167633823e-01	1.912920872133810e-02
8.586645516358821e-03	9.061302188653755e-01	1.731899485070241e-02
8.802822903878670e-03	9.349278662556847e-01	1.670942515621627e-02
9.024442773306718e-03	9.441258101965461e-01	1.595278994561760e-02
9.251642144567487e-03	9.709640702407798e-01	1.519924755363053e-02
9.484561487199120e-03	9.606132225663125e-01	1.437092420486059e-02
9.723344807200844e-03	9.410593897373885e-01	1.331068641726974e-02
9.968139736066932e-03	9.247207264887509e-01	1.262310811372899e-02
1.021909762206215e-02	8.461461567112685e-01	1.132743518195755e-02
1.047637362379519e-02	7.940448170632818e-01	1.039877787395815e-02
1.074012680614786e-02	7.335419252639300e-01	9.346642795959646e-03
1.101052023861944e-02	6.995132654934811e-01	1.394551356794640e-02
1.128772109614692e-02	7.001661387463866e-01	1.628209475737335e-02
1.157190076246351e-02	6.032683444565730e-01	1.315578825994004e-02
1.186323493605930e-02	5.636772668827628e-01	1.202349331377408e-02
1.216190373880953e-02	5.270934524518718e-01	1.099416187218985e-02
1.246809182733779e-02	4.902558831370443e-01	9.870677081199989e-03
1.278198850718285e-02	4.378664847818861e-01	8.598676031718025e-03
1.310378784983969e-02	3.884439675680775e-01	7.607230111663713e-03
1.343368881274725e-02	3.331058075086183e-01	6.323577074226155e-03
1.377189536229697e-02	2.879699882265703e-01	5.415195324674198e-03
1.411861659993816e-02	2.401157752334468e-01	4.523241899276219e-03
1.447406689145821e-02	2.095990798430139e-01	3.943374431791824e-03
1.483846599951756e-02	1.725919188332221e-01	3.253845851339511e-03
1.521203921952141e-02	1.423818727102860e-01	2.739179150029811e-03
1.559501751891208e-02	1.119911765438458e-01	2.188354801262155e-03
1.598763767996821e-02	8.839628272200961e-02	1.804591867502788e-03
1.639014244619909e-02	6.643093197759584e-02	1.436969589460476e-03
1.680278067242460e-02	5.187046882636334e-02	1.186522332810999e-03
1.722580747863356e-02	3.645878579842609e-02	9.264733765451329e-04
1.765948440771564e-02	2.549669081315207e-02	7.146448146036641e-04
1.810407958716429e-02	1.827449692494054e-02	5.718099195302698e-04
1.855986789485074e-02	1.231505421755496e-02	4.448358563770404e-04
1.902713112897150e-02	7.585055533673176e-03	3.298880697351636e-04
1.950615818227449e-02	5.618315287381181e-03	2.736674638099993e-04
1.999724522067143e-02	3.720747897664857e-03	2.132079501714101e-04
2.050069586634706e-02	3.535649180199862e-03	2.005653994143867e-04
2.101682138547821e-02	3.333270818260282e-03	1.876585510652379e-04
2.154594088067901e-02	3.130308414727209e-03	1.756106088229894e-04
2.208838148829098e-02	3.543867607068308e-03	1.820876384223727e-04
2.264447858064020e-02	4.069901023286551e-03	1.892726216477581e-04
2.321457597338639e-02	4.406421837316327e-03	1.948977031410170e-04
2.379902613809237e-02	4.618657706116377e-03	1.959266546754920e-04
2.439819042014498e-02	4.628644513273169e-03	1.930074481765600e-04
2.501243926216255e-02	4.799877784803644e-03	1.949463133372280e-04
2.564215243302676e-02	4.491983458947108e-03	1.870908795111375e-04
2.628771926268064e-02	4.641712341121316e-03	1.888231022519781e-04
2.694953888283789e-02	3.790965225434482e-03	1.711831073662714e-04
2.762802047375221e-02	3.153894140162718e-03	1.546032879681241e-04
2.832358351719940e-02	2.416860878711471e-03	1.318992143514405e-04
2.903665805582841e-02	2.331007142981031e-03	1.276262083097989e-04
2.976768495904195e-02	1.704095792661888e-03	1.067643637699444e-04
3.051711619557079e-02	1.357931487318176e-03	8.751656696659382e-05
3.128541511291048e-02	1.102768737709739e-03	7.676119458131206e-05
3.207305672379311e-02	6.742953479933699e-04	5.737882660831187e-05
3.288052799987133e-02	5.757080737586428e-04	5.127673800808196e-05
3.370832817279609e-02	3.852981434838298e-04	4.096009716140142e-05
3.455696904287441e-02	4.071300592941676e-04	4.077247433521138e-05
3.542697529549781e-02	4.237320178853939e-04	4.052540434766664e-05
3.631888482553727e-02	3.533378156595288e-04	3.559557719990265e-05
3.723324906990499e-02	4.681855875402930e-04	4.047444584467368e-05
3.817063334848891e-02	4.873817726635640e-04	4.055637886194047e-05
3.913161721367048e-02	4.385657989875652e-04	3.752243626296361e-05
4.011679480864185e-02	4.999645190164261e-04	3.928888623939501e-05
4.112677523474421e-02	4.638061260216693e-04	3.722536898969880e-05
4.216218292805413e-02	4.086366871644156e-04	3.419331948664775e-05
4.322365804545081e-02	3.685070627992763e-04	3.183615954498699e-05
4.431185686040308e-02	3.240792042605494e-04	2.926031341667409e-05
4.542745216872059e-02	2.532221015570018e-04	2.530658890029611e-05
4.657113370452030e-02	1.251809103127569e-04	1.722232694569022e-05
4.774360856666530e-02	1.331035495059620e-04	1.747005829728268e-05
4.894560165593967e-02	1.163136002778368e-04	1.599544751355633e-05
5.017785612322961e-02	7.326217030843781e-05	1.218619172958096e-05
5.144113382898804e-02	8.846385776980221e-05	1.354637590032045e-05
5.273621581426664e-02	1.095854134648179e-04	1.478115752782356e-05
5.406390278360662e-02	8.130010663989942e-05	1.220881643759259e-05
5.542501560008670e-02	8.584409542910594e-05	1.213868486976399e-05
5.682039579283449e-02	1.084605532139984e-04	1.357072076556243e-05
5.825090607731488e-02	8.194810687489639e-05	1.130150236057669e-05
5.971743088871737e-02	7.332078064160550e-05	1.035418019805224e-05
6.122087692877172e-02	6.768941612417881e-05	9.919780195481497e-06
6.276217372633047e-02	4.196083689834085e-05	7.055205686829275e-06
6.434227421206457e-02	3.773329385944486e-05	6.677167792597723e-06
6.596215530762750e-02	3.442469613998276e-05	6.037113188043991e-06
6.762281852965232e-02	4.056754435179499e-05	6.352289081317065e-06
6.932529060895486e-02	3.674217114678591e-05	5.936794048951302e-06
7.107062412532590e-02	3.466848513001493e-05	5.433796895763638e-06
7.285989815830510e-02	3.015123349807534e-05	4.962362187765228e-06
7.469421895433859e-02	2.948526399523774e-05	4.693875375521728e-06
7.657472061073302e-02	2.186644563208626e-05	3.875876794715443e-06
7.850256577682883e-02	2.537375618827942e-05	4.045279585113070e-06
8.047894637282628e-02	1.514760189222012e-05	2.889750058110986e-06
8.250508432670856e-02	2.341879935598504e-05	3.523432357152894e-06
8.458223232971777e-02	1.704251040444025e-05	2.859570811383581e-06
8.671167461085075e-02	1.837764741752627e-05	2.862961505611897e-06
8.889472773085354e-02	1.282602094769253e-05	2.280369508820308e-06
9.113274139620550e-02	1.177669109618950e-05	2.097748607152901e-06
9.342709929359638e-02	1.327671400652668e-05	2.178353190044735e-06
9.577921994541197e-02	1.235925372756464e-05	2.023762082557376e-06
9.819055758675765e-02	1.181666900895880e-05	1.924767106987244e-06
1.006626030645619e-01	1.373562847685832e-05	2.024681416966133e-06
1.031968847593153e-01	1.411520921075013e-05	1.987268559212858e-06
1.057949695300158e-01	8.991127690796519e-06	1.526640248480105e-06
1.084584636829035e-01	1.108294616643611e-05	1.704075424141473e-06
1.111890139645843e-01	1.114587942538915e-05	1.672053888804623e-06
1.139883085801566e-01	1.000012477344963e-05	1.561656812880513e-06
1.168580782369707e-01	1.190210281580347e-05	1.698937804914311e-06
1.198000972146646e-01	1.193029028583269e-05	1.697081214474672e-06
1.228161844621410e-01	1.024929345312505e-05	1.558010671485570e-06
1.259082047221599e-01	8.467168383135196e-06	1.408349264207068e-06
1.290780696842450e-01	9.745715740827552e-06	1.477561956355155e-06
1.323277391666156e-01	1.010262334990814e-05	1.496863300931862e-06
1.356592223278743e-01	8.669325109826194e-06	1.356368842382423e-06
1.390745789092008e-01	9.616597519363006e-06	1.400523623146646e-06
1.425759205078188e-01	1.096065050050620e-05	1.492730126672392e-06
1.461654118825237e-01	1.125764716315871e-05	1.484979926060821e-06
1.498452722920781e-01	8.447589616966554e-06	1.251281310604562e-06
1.536177768673034e-01	1.006271209513088e-05	1.370371655733152e-06
1.574852580177147e-01	6.903114386097658e-06	1.109977413029552e-06
1.614501068735687e-01	8.948521542986834e-06	1.260197232402804e-06
1.655147747642176e-01	1.046085857075663e-05	1.361286647204146e-06
1.696817747336816e-01	8.940275813644472e-06	1.246804521783120e-06
1.739536830943768e-01	9.366788147342007e-06	1.281683666193816e-06
1.783331410199608e-01	7.031167549908321e-06	1.093031220502433e-06
1.828228561782793e-01	5.602218066589490e-06	9.680844715067233e-07
1.874256044054237e-01	8.939425620226677e-06	1.253041179528624e-06
1.921442314219346e-01	9.289887477295002e-06	1.288181841258903e-06
1.969816545922132e-01	8.977301059306031e-06	1.276278832640688e-06
2.019408647282268e-01	6.862668118997948e-06	1.119503153624463e-06
2.070249279386246e-01	6.824406430098722e-06	1.176195354161593e-06
2.122369875244074e-01	5.940005691422278e-06	1.138140420706714e-06
2.175802659223219e-01	9.518745845388959e-06	1.535489003501933e-06
2.230580666971823e-01	8.873217208519479e-06	1.545609470891701e-06
2.286737765843506e-01	6.592206185036037e-06	1.383407454292812e-06
2.344308675836382e-01	8.143736995006594e-06	1.622138842323228e-06
2.403328991059238e-01	6.525394154357685e-06	1.511936330523615e-06
2.463835201738146e-01	7.423983784216634e-06	1.719688072500127e-06
2.525864716777105e-01	7.201049747447405e-06	1.732807646019813e-06
2.589455886886686e-01	6.240657638458153e-06	1.676172968765524e-06
2.654648028294945e-01	3.395431432644571e-06	1.288793811281666e-06
2.721481447055299e-01	6.256326758563072e-06	1.829768751320224e-06
2.789997463966363e-01	3.425312515343963e-06	1.386424994676439e-06
2.860238440119180e-01	4.370817631377878e-06	1.644310087814214e-06
2.932247803087621e-01	6.203178831070364e-06	2.026647724394656e-06
3.006070073778155e-01	7.212244457316831e-06	2.206928085337691e-06
3.081750893955594e-01	8.595830475865304e-06	2.519594214512446e-06
3.159337054461820e-01	7.844890408910019e-07	7.859559604856559e-07
3.238876524144951e-01	2.401737494602698e-06	1.392855717644514e-06
3.320168982168070e-01	4.656124533962357e-06	2.107671748341514e-06
