6.531919117736974e-03	3.526086207968332e-01	6.037374718129708e-02
6.696366713445120e-03	3.345580161556864e-01	3.170660627728650e-02
6.864954441822814e-03	3.256580464383985e-01	2.700752157372758e-02
7.037786534850146e-03	3.042979974785958e-01	2.280311206243691e-02
7.214969848651533e-03	2.877662636188789e-01	2.030508635208418e-02
7.396613929561183e-03	3.104024031152109e-01	1.896335086383899e-02
7.582831081851815e-03	2.998885775771470e-01	1.717338402999556e-02
7.773736437168517e-03	3.141367918580693e-01	1.635751332580194e-02
7.969448025710674e-03	3.874883477439887e-01	1.706434489362089e-02
8.170086849205966e-03	3.602176156077196e-01	1.537445787188760e-02
8.375776955721575e-03	3.933933695211421e-01	1.508608813580642e-02
8.586645516358821e-03	3.739878727427121e-01	1.368671012007504e-02
8.802822903878670e-03	3.934411439320187e-01	1.334209951203341e-02
9.024442773306718e-03	3.903857772678632e-01	1.259290051182096e-02
9.251642144567487e-03	4.019490001378958e-01	1.207982349568160e-02
9.484561487199120e-03	4.368721214739845e-01	1.205095197917693e-02
9.723344807200844e-03	4.057875213824260e-01	1.088448767697882e-02
9.968139736066932e-03	4.150764843452162e-01	1.058747910536012e-02
1.021909762206215e-02	3.774658579794448e-01	9.564873623789889e-03
1.047637362379519e-02	3.522560698406362e-01	8.804636683047127e-03
1.074012680614786e-02	3.003500072798407e-01	7.618318089818638e-03
1.101052023861944e-02	2.733957562294868e-01	8.213116076498776e-03
1.128772109614692e-02	2.646637742309427e-01	8.652724016267715e-03
1.157190076246351e-02	2.234671534261596e-01	7.080277204610336e-03
1.186323493605930e-02	1.954128649015240e-01	6.277994407608225e-03
1.216190373880953e-02	1.842947634809202e-01	5.841263521442395e-03
1.246809182733779e-02	1.619194598032193e-01	5.105060709743845e-03
1.278198850718285e-02	1.459271179086153e-01	4.654129145456184e-03
1.310378784983969e-02	1.338830099228859e-01	4.228055908155056e-03
1.343368881274725e-02	1.067195725186864e-01	3.503588082041481e-03
1.377189536229697e-02	9.116712128256829e-02	3.069864160952837e-03
1.411861659993816e-02	8.091203674726095e-02	2.758426497128312e-03
1.447406689145821e-02	7.084628894784738e-02	2.461430779049459e-03
1.483846599951756e-02	5.763511797597883e-02	2.101518013946421e-03
1.521203921952141e-02	4.790499842329030e-02	1.833914463568518e-03
1.559501751891208e-02	3.834368925268807e-02	1.523596847274362e-03
1.598763767996821e-02	3.302219062069874e-02	1.358046357749167e-03
1.639014244619909e-02	2.692698375934261e-02	1.166970570045162e-03
1.680278067242460e-02	2.176613679615800e-02	1.002469416547774e-03
1.722580747863356e-02	1.981989595389961e-02	9.145562186819821e-04
1.765948440771564e-02	1.326888665281650e-02	7.041752224783224e-04
1.810407958716429e-02	1.012767655181145e-02	5.885524405800190e-04
1.855986789485074e-02	7.850974602321639e-03	4.954837273931926e-04
1.902713112897150e-02	6.019902962861166e-03	4.162170245569522e-04
1.950615818227449e-02	4.814705382370963e-03	3.586390606389665e-04
1.999724522067143e-02	3.983121185390640e-03	3.142881791332315e-04
2.050069586634706e-02	2.987649180206688e-03	2.639488006050347e-04
2.101682138547821e-02	2.136954850123831e-03	2.141861560373006e-04
2.154594088067901e-02	1.906331418199418e-03	1.956665324133305e-04
2.208838148829098e-02	1.373203017107279e-03	1.611067486557394e-04
2.264447858064020e-02	1.330084441516281e-03	1.530676817374487e-04
2.321457597338639e-02	8.125113973046826e-04	1.187568364712943e-04
2.379902613809237e-02	9.710744389724272e-04	1.269813269405333e-04
2.439819042014498e-02	7.195527521036011e-04	1.077378967002711e-04
2.501243926216255e-02	5.993387733088916e-04	9.737074048409244e-05
2.564215243302676e-02	6.421428805056938e-04	1.000348508645176e-04
2.628771926268064e-02	5.837216248484152e-04	9.448207292043612e-05
2.694953888283789e-02	4.456350662882232e-04	8.281814407704444e-05
2.762802047375221e-02	4.366263241002795e-04	8.176582327312666e-05
2.832358351719940e-02	5.246997455921114e-04	8.750686801327610e-05
2.903665805582841e-02	3.910608331366162e-04	7.417179651531290e-05
2.976768495904195e-02	2.369635876747137e-04	5.689473904876029e-05
3.051711619557079e-02	3.069801248206211e-04	5.817356351712327e-05
3.128541511291048e-02	2.731617546381763e-04	5.256898848884934e-05
3.207305672379311e-02	3.085805661006041e-04	5.387744909330056e-05
3.288052799987133e-02	2.708452823460659e-04	4.804035923489897e-05
3.370832817279609e-02	2.632058600122153e-04	4.644119794919516e-05
3.455696904287441e-02	2.593440468683364e-04	4.490652972561153e-05
3.542697529549781e-02	1.972426094790629e-04	3.801433787219367e-05
3.631888482553727e-02	2.150319207034338e-04	3.760116642401131e-05
3.723324906990499e-02	2.045449081519130e-04	3.643629574107080e-05
3.817063334848891e-02	1.840599190494493e-04	3.295662533141550e-05
3.913161721367048e-02	1.431149748079795e-04	2.792362174132642e-05
4.011679480864185e-02	1.399503238369662e-04	2.739521332458210e-05
4.112677523474421e-02	1.413864748786300e-04	2.706670322579560e-05
4.216218292805413e-02	1.342686508050285e-04	2.529775419750951e-05
4.322365804545081e-02	1.058565564393310e-04	2.196530779439612e-05
4.431185686040308e-02	1.060343889137759e-04	2.130279231845509e-05
4.542745216872059e-02	6.479556366495230e-05	1.611172368356441e-05
4.657113370452030e-02	7.287655778884549e-05	1.699478574979981e-05
4.774360856666530e-02	6.001316446468789e-05	1.484487656618900e-05
4.894560165593967e-02	7.060962545272257e-05	1.600759602537511e-05
5.017785612322961e-02	5.058665834799504e-05	1.294763641011212e-05
5.144113382898804e-02	6.444959082998779e-05	1.485347403393440e-05
5.273621581426664e-02	2.965882425867799e-05	9.691875384950207e-06
5.406390278360662e-02	2.745109150994145e-05	8.706092566515281e-06
5.542501560008670e-02	4.065718357617144e-05	1.045151737804518e-05
5.682039579283449e-02	2.198925749365053e-05	7.777187539544927e-06
5.825090607731488e-02	3.331360917144524e-05	9.073534677543056e-06
5.971743088871737e-02	4.309764169629062e-05	1.002239731691292e-05
6.122087692877172e-02	3.932377840367304e-05	9.377851890766944e-06
6.276217372633047e-02	1.477912415597820e-05	5.026324533580349e-06
6.434227421206457e-02	2.486121579001657e-05	6.702078142878831e-06
6.596215530762750e-02	1.581536125186858e-05	5.064307450085185e-06
6.762281852965232e-02	2.131528381083641e-05	5.705044174111410e-06
6.932529060895486e-02	1.355931560786002e-05	4.425974850211275e-06
7.107062412532590e-02	1.294024972268285e-05	4.054537202768662e-06
7.285989815830510e-02	1.603825784700822e-05	4.465521505327953e-06
7.469421895433859e-02	1.562324465656771e-05	4.229951455506203e-06
7.657472061073302e-02	8.870738653885944e-06	2.958781806588152e-06
7.850256577682883e-02	3.212627415773836e-06	1.643882796893592e-06
8.047894637282628e-02	1.287994973415260e-05	3.368580877685055e-06
8.250508432670856e-02	6.846394404713803e-06	2.296296951109957e-06
8.458223232971777e-02	1.130306636001904e-05	2.911942090493741e-06
8.671167461085075e-02	1.172922442585567e-05	2.887693267857200e-06
8.889472773085354e-02	1.038292554895049e-05	2.605160115400683e-06
9.113274139620550e-02	5.579100234031181e-06	1.771185285423508e-06
9.342709929359638e-02	6.165832200001404e-06	1.822592345792117e-06
9.577921994541197e-02	5.716616144977076e-06	1.689500262189993e-06
9.819055758675765e-02	6.224785100750580e-06	1.727633156095712e-06
1.006626030645619e-01	5.394315142229849e-06	1.541941903984732e-06
1.031968847593153e-01	6.247168094360969e-06	1.629343505149253e-06
1.057949695300158e-01	6.118278675283330e-06	1.581157417818652e-06
1.084584636829035e-01	3.460273470378409e-06	1.143197315399839e-06
1.111890139645843e-01	6.888269263982040e-06	1.660477759184097e-06
1.139883085801566e-01	4.207725591461860e-06	1.241482392046332e-06
1.168580782369707e-01	4.530107714352932e-06	1.278822646219915e-06
1.198000972146646e-01	5.448763386211583e-06	1.412183934902901e-06
1.228161844621410e-01	4.973023914031996e-06	1.341211349233442e-06
1.259082047221599e-01	5.649560561355302e-06	1.449445974828490e-06
1.290780696842450e-01	5.613655059871569e-06	1.406167485254786e-06
1.323277391666156e-01	3.724796074168357e-06	1.101605657438289e-06
1.356592223278743e-01	5.599110546085723e-06	1.373836567253950e-06
1.390745789092008e-01	4.775509379252249e-06	1.224531581227631e-06
1.425759205078188e-01	3.400812859640436e-06	1.004064035675448e-06
1.461654118825237e-01	4.663481348190921e-06	1.175357924861212e-06
1.498452722920781e-01	4.233321856234210e-06	1.098263258089671e-06
1.536177768673034e-01	5.392753453594269e-06	1.255465682483531e-06
1.574852580177147e-01	3.306804168437497e-06	9.447517509919402e-07
1.614501068735687e-01	2.964316269049669e-06	8.750268747776174e-07
1.655147747642176e-01	4.611532849906320e-06	1.119409524703536e-06
1.696817747336816e-01	4.308624354943487e-06	1.073402592062562e-06
1.739536830943768e-01	2.940286522259327e-06	8.620456897055950e-07
1.783331410199608e-01	2.466389343058008e-06	7.843387666782444e-07
1.828228561782793e-01	3.385009583560154e-06	9.386088103807923e-07
1.874256044054237e-01	4.174820772798566e-06	1.060995938764219e-06
1.921442314219346e-01	3.864705560232461e-06	1.023867409746979e-06
1.969816545922132e-01	2.482314377581413e-06	8.033335962922474e-07
2.019408647282268e-01	3.310548675705494e-06	9.598803805764083e-07
2.070249279386246e-01	3.325967667517844e-06	1.000175263436830e-06
2.122369875244074e-01	2.690321795830153e-06	9.216381555116285e-07
2.175802659223219e-01	2.841323520865762e-06	1.017864174125967e-06
2.230580666971823e-01	1.968804248070782e-06	8.615220954549408e-07
2.286737765843506e-01	4.036507113908022e-06	1.341322684796308e-06
2.344308675836382e-01	3.584733687440498e-06	1.318510068067298e-06
2.403328991059238e-01	2.908174465800324e-06	1.224810713875356e-06
2.463835201738146e-01	3.833092476160788e-06	1.500943499102968e-06
2.525864716777105e-01	1.493160834992113e-06	9.537404824821366e-07
2.589455886886686e-01	2.250129807791567e-06	1.227866802320552e-06
2.654648028294945e-01	2.799592010524863e-06	1.429394356367200e-06
2.721481447055299e-01	2.825635928308329e-06	1.493164081599245e-06
2.789997463966363e-01	2.711258677223393e-06	1.526348330727451e-06
2.860238440119180e-01	3.465144333645074e-06	1.769540786392861e-06
2.932247803087621e-01	9.873512364059664e-07	9.930162207037277e-07
3.006070073778155e-01	1.950763847629475e-06	1.394606058545572e-06
3.081750893955594e-01	2.506628069495065e-06	1.646472802722083e-06
3.159337054461820e-01	2.794034835768348e-06	1.750485880950010e-06
3.238876524144951e-01	2.260108339159103e-06	1.615388696829867e-06
3.320168982168070e-01	0.000000000000000e+00	0.000000000000000e+00
