6.532015638109654e-03	4.241347567542963e-01	3.832885512607991e-02
6.696661137445381e-03	4.630012719773459e-01	2.858302796474293e-02
6.865456678966150e-03	3.905805108386864e-01	2.213016073303474e-02
7.038506868325970e-03	3.609980366155763e-01	1.858023790824445e-02
7.215918947861170e-03	3.902881246297873e-01	1.784212362791517e-02
7.397802863050412e-03	4.342501357106432e-01	1.711249204305007e-02
7.584271330649902e-03	4.232035805604408e-01	1.550338730345314e-02
7.775439908545999e-03	4.371277621010574e-01	1.461990284335628e-02
7.971427067368538e-03	4.736193828783480e-01	1.414706072638959e-02
8.172354263909214e-03	4.845323789548900e-01	1.341404601308056e-02
8.378346016390564e-03	5.042125433555446e-01	1.291004202782369e-02
8.589529981632163e-03	5.011898621251771e-01	1.197302131651791e-02
8.806037034161862e-03	5.044527330982127e-01	1.140784093271480e-02
9.028001347321110e-03	5.022942682288359e-01	1.077426417189791e-02
9.255560476414602e-03	4.979658919787997e-01	1.008215122962774e-02
9.488855443955786e-03	5.044977575432633e-01	9.682044650224665e-03
9.728030827061078e-03	4.940052852137626e-01	9.006847890477905e-03
9.973234847046913e-03	4.421984147370077e-01	8.094750162104633e-03
1.022461946128518e-02	3.320268498761887e-01	6.528974342465689e-03
1.048234045737396e-02	2.682977351175022e-01	5.520036413143897e-03
1.074655754968191e-02	2.277942881178765e-01	4.775717548972408e-03
1.101743447832619e-02	2.020629673482907e-01	5.318833386828445e-03
1.129513911064510e-02	1.928862625591328e-01	5.698513708375068e-03
1.157984354522862e-02	1.582171274277659e-01	4.507392066844608e-03
1.187172421857090e-02	1.337441863847715e-01	3.903715297442372e-03
1.217096201441125e-02	1.234493387646818e-01	3.571432257461103e-03
1.247774237583103e-02	9.786280922340403e-02	2.908450428920945e-03
1.279225542017607e-02	8.441484582803087e-02	2.542948269348437e-03
1.311469605687586e-02	7.100929899858119e-02	2.185951474007624e-03
1.344526410823244e-02	6.055161030161834e-02	1.892775688700070e-03
1.378416443325390e-02	4.835871746197288e-02	1.586767382649813e-03
1.413160705460924e-02	4.116166474591409e-02	1.394399280929063e-03
1.448780728878317e-02	3.432911362291161e-02	1.205488329856190e-03
1.485298587951168e-02	2.936802739399389e-02	1.060088270744690e-03
1.522736913458092e-02	2.677145695123618e-02	9.734358371044506e-04
1.561118906607424e-02	2.223475407495286e-02	8.266592472519754e-04
1.600468353415425e-02	1.902282394076578e-02	7.291886909972618e-04
1.640809639446909e-02	1.598165397000530e-02	6.404270187220889e-04
1.682167764927422e-02	1.387692684008156e-02	5.689406639345906e-04
1.724568360236329e-02	1.207392690612750e-02	5.059412714375850e-04
1.768037701790429e-02	1.020984468808324e-02	4.395257972737018e-04
1.812602728327922e-02	9.721351543694634e-03	4.125390653050367e-04
1.858291057602837e-02	7.802351772231248e-03	3.524145478271783e-04
1.905131003500254e-02	7.845041664463696e-03	3.396150903990924e-04
1.953151593582927e-02	6.275644334252685e-03	2.913971433461481e-04
2.002382587080196e-02	6.452558269765533e-03	2.856112474115166e-04
2.052854493330315e-02	5.621879707956139e-03	2.573384027080343e-04
2.104598590687647e-02	4.768406526437983e-03	2.275267843522612e-04
2.157646945906422e-02	4.237213793069753e-03	2.073757576361256e-04
2.212032434013088e-02	4.094615833496606e-03	1.980412476794217e-04
2.267788758679559e-02	3.563558399698488e-03	1.786284992706241e-04
2.324950473109992e-02	3.451962736065105e-03	1.739712825352497e-04
2.383553001454031e-02	2.723608677930964e-03	1.513260272124261e-04
2.443632660759799e-02	2.802401270268853e-03	1.510155986742828e-04
2.505226683480222e-02	2.661518260045023e-03	1.456709332862361e-04
2.568373240546665e-02	2.496205499692468e-03	1.403818131606011e-04
2.633111465024141e-02	2.084211856900400e-03	1.273170759590011e-04
2.699481476362784e-02	1.946143102574473e-03	1.236520507188009e-04
2.767524405260597e-02	1.696930414712212e-03	1.139506583062339e-04
2.837282419152892e-02	1.659499650005295e-03	1.102055765852794e-04
2.908798748344213e-02	1.556053049811912e-03	1.052310380867497e-04
2.982117712798938e-02	1.466279661397680e-03	1.000677348134783e-04
3.057284749607164e-02	1.333873649217838e-03	9.350834088879334e-05
3.134346441142895e-02	1.373283554287720e-03	9.366677312440317e-05
3.213350543931981e-02	1.102996096118687e-03	8.211817347490651e-05
3.294346018247704e-02	1.051675130823470e-03	7.901173057768321e-05
3.377383058452346e-02	9.037479071729775e-04	7.330569530280144e-05
3.462513124103542e-02	8.099891230005809e-04	6.855696884089859e-05
3.549788971844701e-02	8.645832214875966e-04	6.974503267819551e-05
3.639264688099259e-02	7.139089935998696e-04	6.298541832534830e-05
3.730995722589003e-02	6.676399699545049e-04	6.087200721869833e-05
3.825038922697278e-02	6.479216598039157e-04	6.006462082680975e-05
3.921452568698337e-02	6.040536943096174e-04	5.778309787189544e-05
4.020296409874682e-02	5.074760322659737e-04	5.320052861142175e-05
4.121631701544774e-02	5.617362540648102e-04	5.621611051453020e-05
4.225521243024070e-02	5.426638701504673e-04	5.598224158862127e-05
4.332029416542889e-02	4.870840745137087e-04	5.372726400216906e-05
4.441222227145249e-02	4.112863132398108e-04	5.085489750203149e-05
4.553167343593389e-02	3.739269520204520e-04	5.091867220817508e-05
4.667934140303327e-02	4.342287502289573e-04	5.784145625398557e-05
4.785593740337436e-02	3.662621763373887e-04	5.568892886020634e-05
4.906219059480703e-02	3.636834059056381e-04	5.834759608781899e-05
5.029884851427954e-02	3.211442442814127e-04	5.814324252083985e-05
5.156667754110078e-02	2.014115987462325e-04	4.819897862228685e-05
5.286646337187936e-02	3.045138888726660e-04	6.232319808075553e-05
5.419901150743403e-02	1.546340470954013e-04	4.666919772278010e-05
5.556514775197719e-02	2.223297402709570e-04	5.841632212125884e-05
5.696571872488063e-02	1.719060254022965e-04	5.334694811614460e-05
5.840159238534096e-02	1.712630636867404e-04	5.572546754060957e-05
5.987365857026956e-02	1.401466308877241e-04	5.128889868474779e-05
6.138282954574073e-02	1.196240478300989e-04	5.001431552025428e-05
6.293004057233942e-02	1.847594996485266e-04	6.447925411190132e-05
6.451625048475917e-02	2.072887447982360e-04	6.973504566078384e-05
6.614244228600938e-02	8.026916259865806e-05	4.428459164323988e-05
6.780962375659999e-02	7.514346118881862e-05	4.461998472353814e-05
6.951882807908140e-02	8.433429935528773e-05	4.872703630803563e-05
7.127111447832635e-02	1.202656837992035e-04	6.018823795103017e-05
7.260579549943269e-02	6.646135449759637e-05	6.651670577759935e-05
