6.532015878499265e-03	8.858921911426121e-01	1.430611361276599e-01
6.696661870732718e-03	5.998348472467975e-01	5.111620419448333e-02
6.865457929846407e-03	7.535816259830701e-01	4.990760385438309e-02
7.038508662426115e-03	7.452983009288812e-01	4.359524498365214e-02
7.215921311771227e-03	7.146181237273992e-01	3.950163384272862e-02
7.397805824355733e-03	6.310115536260357e-01	3.293289446992990e-02
7.584274917964443e-03	7.615500601578138e-01	3.379569604463506e-02
7.775444151546655e-03	7.240729702510877e-01	3.053116687081545e-02
7.971431996830539e-03	7.887893629082625e-01	2.984444816185849e-02
8.172359911742651e-03	7.650424127508604e-01	2.744511996980336e-02
8.378352415678036e-03	7.381826015137035e-01	2.518203181578315e-02
8.589537166667615e-03	7.439315164580054e-01	2.340604453708521e-02
8.806045040490639e-03	7.456590120434091e-01	2.235474132017983e-02
9.028010211781245e-03	7.448927485311403e-01	2.110477331835084e-02
9.255570237179402e-03	7.536946751964113e-01	2.006220358785374e-02
9.488866140577746e-03	7.761183345027932e-01	1.952392078528951e-02
9.728042500517150e-03	7.815668997117458e-01	1.837658166442506e-02
9.973247539785185e-03	7.564033907854566e-01	1.731231110721205e-02
1.022463321727301e-02	7.334346570763621e-01	1.615686917196045e-02
1.048235532214759e-02	7.257428838145865e-01	1.532388241558288e-02
1.074657357039764e-02	6.647578404342166e-01	1.381455775852959e-02
1.101745170381309e-02	6.396427444358290e-01	1.658901940816842e-02
1.129515759145940e-02	6.598388693798622e-01	1.852197619491988e-02
1.157986333370973e-02	5.821838306892509e-01	1.559327223422043e-02
1.187174536889921e-02	5.395347280767741e-01	1.421437339060893e-02
1.217098458266769e-02	4.826091379742487e-01	1.274009631280043e-02
1.247776642005841e-02	4.446798059506756e-01	1.133741083717973e-02
1.279228100044240e-02	4.040295928882677e-01	1.029412072049486e-02
1.311472323533955e-02	3.358505216940448e-01	8.735079566627647e-03
1.344529294920952e-02	2.756240209236385e-01	7.285874183381399e-03
1.378419500328729e-02	2.158305510121620e-01	5.994967002237859e-03
1.413163942254015e-02	1.703189364579266e-01	4.967628910660466e-03
1.448784152582470e-02	1.284664422968769e-01	4.035335153948666e-03
1.485302205932464e-02	9.684976718302495e-02	3.289272740039222e-03
1.522740733335198e-02	6.325433845999145e-02	2.500523277090716e-03
1.561122936259645e-02	4.568406481805397e-02	1.978035556174363e-03
1.600472600991005e-02	3.240511468468522e-02	1.585704283006698e-03
1.640814113371585e-02	2.392612387248401e-02	1.306706778347188e-03
1.682172473913229e-02	1.731054672907641e-02	1.060025759070298e-03
1.724573313290685e-02	1.674193182053990e-02	9.932503880191678e-04
1.768042908225490e-02	1.306749188074261e-02	8.284159403686473e-04
1.812608197770222e-02	1.265763424198490e-02	7.873069971675452e-04
1.858296800003218e-02	1.115372438523752e-02	7.110241077476356e-04
1.905137029144099e-02	9.275908137207958e-03	6.181581877942854e-04
1.953157913100706e-02	1.016353109569615e-02	6.256505868536008e-04
2.002389211458322e-02	8.192324049338904e-03	5.403609019261006e-04
2.052861433922340e-02	7.163817964154262e-03	4.863646635092418e-04
2.104605859225787e-02	6.712259453453618e-03	4.559072325260325e-04
2.157654554513432e-02	5.332463855334565e-03	3.927367921757348e-04
2.212040395214498e-02	4.425046871853864e-03	3.462051602478740e-04
2.267797085416274e-02	3.542451684439686e-03	2.994190828669753e-04
2.324959178751277e-02	3.095503208622154e-03	2.772239822683003e-04
2.383562099810882e-02	2.152915178738715e-03	2.267414598025832e-04
2.443642166098715e-02	1.821018207022493e-03	2.056008652894137e-04
2.505236610537399e-02	1.466903782123751e-03	1.826102995267868e-04
2.568383604542605e-02	1.501262334772978e-03	1.830652435228692e-04
2.633122281678706e-02	1.306725850734926e-03	1.697087462743238e-04
2.699492761910700e-02	9.995230920933991e-04	1.499085129134989e-04
2.767536176467421e-02	9.847636071797527e-04	1.465382490096239e-04
2.837294693331458e-02	9.865928361180655e-04	1.439460673191456e-04
2.908811543371571e-02	1.204435764449352e-03	1.562656731734043e-04
2.982131047133795e-02	7.226815554753484e-04	1.189505864515098e-04
3.057298642307849e-02	7.427855776113676e-04	1.092861537993577e-04
3.134360911885861e-02	7.642670751795556e-04	1.088053932306419e-04
3.213365613030856e-02	6.698766068204195e-04	9.710631360703300e-05
3.294361706672912e-02	4.786398505816311e-04	7.924907154578877e-05
3.377399387851309e-02	5.540900165185755e-04	8.365904546938468e-05
3.462530116821489e-02	5.226902732020376e-04	7.794938788119518e-05
3.549806650946091e-02	3.784804979531423e-04	6.440319721463910e-05
3.639283077389839e-02	3.178049600309395e-04	5.729647402818358e-05
3.731014846638528e-02	2.338113968305636e-04	4.753418295103522e-05
3.825058806862898e-02	2.652296237584382e-04	4.906710975296175e-05
3.921473239148685e-02	2.656797731072524e-04	4.858416823697619e-05
4.020317893614667e-02	2.251298191687918e-04	4.392989112829391e-05
4.121654026441118e-02	2.034269040915040e-04	4.020261020103078e-05
4.225544437831592e-02	2.604707974931154e-04	4.502004987969113e-05
4.332053510931575e-02	1.998125517575793e-04	3.907679000063149e-05
4.441247251728116e-02	1.451527944944407e-04	3.241220911888719e-05
4.553193329955176e-02	1.371837823974058e-04	3.067689098384498e-05
4.667961121030026e-02	2.137159244932735e-04	3.839968640418601e-05
4.785621749046708e-02	1.268471336483318e-04	2.858314478876647e-05
4.906248130853180e-02	1.010790722716300e-04	2.462778203822444e-05
5.029915021239465e-02	9.779031240577235e-05	2.409258082303930e-05
5.156699059264827e-02	7.534719707846793e-05	2.070142580863786e-05
5.286678815752657e-02	4.333643800342169e-05	1.534556402806825e-05
5.419934841982518e-02	4.567230926202702e-05	1.467452634376761e-05
5.556549719609530e-02	6.703124421522088e-05	1.794944545086708e-05
5.696608111842008e-02	4.579012126376209e-05	1.412291128076064e-05
5.840196815909098e-02	4.306984408919847e-05	1.336671591560343e-05
5.987404816850903e-02	6.831004897875018e-05	1.680046353723326e-05
6.138323342664446e-02	3.060340795005225e-05	1.070409481254068e-05
6.293045920839646e-02	6.638204237996116e-05	1.584365676299399e-05
6.451668436320329e-02	2.975284325119920e-05	9.850033074264107e-06
6.614289190926220e-02	3.895552618184985e-05	1.083441305937056e-05
6.781008964272706e-02	2.252244298899243e-05	7.850233573301857e-06
6.951931076226164e-02	3.431658796502317e-05	9.492819573189832e-06
7.127161450933521e-02	2.981242889046624e-05	8.459838388728238e-06
7.306808682465751e-02	1.847574039677814e-05	6.434380221027629e-06
7.490984102115983e-02	2.510900024414222e-05	7.133955399676421e-06
7.679801847393919e-02	1.153142449401437e-05	4.501869637720034e-06
7.873378932759328e-02	1.311679442212681e-05	4.745402638176306e-06
8.071835322138460e-02	3.007050572785823e-05	7.032730113824436e-06
8.275294003268283e-02	1.005784031546024e-05	3.684521850794688e-06
8.483881063914664e-02	8.598599825352981e-06	3.241781686701171e-06
8.697725770011697e-02	1.603117600480567e-05	4.421704470900758e-06
8.916960645770611e-02	2.228268814773796e-05	5.147524749416192e-06
9.141721555807905e-02	1.870973272956344e-05	4.504635078238241e-06
9.372147789343599e-02	1.127156742790021e-05	3.299103274593465e-06
9.608382146521793e-02	1.053317336919641e-05	3.081452959896425e-06
9.850571026907021e-02	7.590003751529163e-06	2.503385500889750e-06
1.009886452021124e-01	8.292437481613325e-06	2.541347505243727e-06
1.035341649930769e-01	1.212681978813391e-05	3.049650191405523e-06
1.061438471558923e-01	9.631407611313908e-06	2.642039413433223e-06
1.088193089673038e-01	8.908767271688974e-06	2.519645463587605e-06
1.115622084691336e-01	7.688269034381075e-06	2.265554535495767e-06
1.143742454958066e-01	1.013425375211245e-05	2.627055332582404e-06
1.172571627277739e-01	7.688828682677644e-06	2.233270927742084e-06
1.202127467714902e-01	5.752806381183977e-06	1.895259973705555e-06
1.232428292666124e-01	6.392288812938950e-06	2.016078802323822e-06
1.263492880211066e-01	6.383568866055735e-06	2.013297327534256e-06
1.295340481749666e-01	1.037651857212369e-05	2.565162708081348e-06
1.327990833932648e-01	9.188041453745500e-06	2.375005339100947e-06
1.361464170892754e-01	8.143693363609891e-06	2.179190177055021e-06
1.395781236784277e-01	8.171275640072255e-06	2.136890464512984e-06
1.430963298638661e-01	5.511453929863392e-06	1.715804855621738e-06
1.467032159544147e-01	8.736216786924384e-06	2.159625531650029e-06
1.504010172157617e-01	9.487099757394164e-06	2.234292252539925e-06
1.541920252557022e-01	7.721450528333340e-06	1.967805139876204e-06
1.580785894442974e-01	3.936579128072881e-06	1.361476672505490e-06
1.620631183698304e-01	4.695416169158072e-06	1.470693490398021e-06
1.661480813314603e-01	7.118640047758071e-06	1.836268568945376e-06
1.703360098695011e-01	7.873862258491417e-06	1.950464909408701e-06
1.746294993342717e-01	5.658952269799658e-06	1.614950728901437e-06
1.790312104944914e-01	9.513926591663520e-06	2.167995412003741e-06
1.835438711862156e-01	7.101238895127683e-06	1.839968802128780e-06
1.881702780033353e-01	5.127806247399090e-06	1.546460462728773e-06
1.929132980306874e-01	5.457203965658028e-06	1.604123876065745e-06
1.977758706208489e-01	7.891335808558094e-06	1.996929773924591e-06
2.027610092157180e-01	5.444148805701277e-06	1.650369892863632e-06
2.078718032140094e-01	3.174819262387866e-06	1.295913439693272e-06
2.131114198858217e-01	5.953377439891757e-06	1.888272102802234e-06
2.184831063354638e-01	3.573553094595302e-06	1.522770215385582e-06
2.239901915137555e-01	2.722188265429384e-06	1.385489389102424e-06
2.296360882810512e-01	4.483378601828233e-06	1.879513085042699e-06
2.354242955222634e-01	4.222501126799695e-06	1.929671970911735e-06
2.413584003151976e-01	1.037768277058837e-05	3.276764339377036e-06
2.474420801535424e-01	4.057489670059312e-06	2.065378650241754e-06
2.536791052258927e-01	1.414086092323697e-05	4.134806656233821e-06
2.600733407522164e-01	3.706786962034576e-06	2.169978830788437e-06
2.666287493792169e-01	7.845460230732729e-06	3.286171386284061e-06
2.733493936360694e-01	2.602107135749730e-06	1.963187260899120e-06
2.802394384520601e-01	3.622137640015110e-06	2.344035696052176e-06
2.873031537376828e-01	9.513676602533220e-06	4.059899681131760e-06
2.945449170307948e-01	5.215068949184694e-06	3.050558424686660e-06
3.019692162094730e-01	5.613063510284897e-06	3.285219822895446e-06
3.095806522732490e-01	0.000000000000000e+00	0.000000000000000e+00
3.173839421944485e-01	4.142617566533197e-06	2.956399347326065e-06
3.253839218414018e-01	0.000000000000000e+00	0.000000000000000e+00
3.327767134221087e-01	3.008851562920621e-06	3.023889465397728e-06
