6.531919544562967e-03	8.593048621658044e-01	6.770896303901699e-02
6.696368015414695e-03	8.386620523492753e-01	4.032006431937737e-02
6.864956662730782e-03	7.581265914762141e-01	3.294527217394869e-02
7.037789720141779e-03	7.859540063261737e-01	2.921777804881630e-02
7.214974045477919e-03	8.420005277914595e-01	2.816072826725790e-02
7.396619186836307e-03	7.844936342022334e-01	2.432681669448170e-02
7.582837450311439e-03	8.433675918391997e-01	2.344183887899307e-02
7.773743969430908e-03	8.220405983959501e-01	2.126625780284196e-02
7.969456776339234e-03	8.347392962682915e-01	1.994773291747659e-02
8.170096874773825e-03	8.627626266042835e-01	1.905025034552090e-02
8.375788314878195e-03	8.522511504152159e-01	1.773209209592668e-02
8.586658269898694e-03	8.590353636403772e-01	1.660423614906818e-02
8.802837114812140e-03	8.827422559123429e-01	1.601906850910575e-02
9.024458506933033e-03	8.713975866221478e-01	1.506481397505899e-02
9.251659468550099e-03	8.953314087267877e-01	1.435493474864053e-02
9.484580471643345e-03	9.057699103329865e-01	1.379058481177879e-02
9.723365524733935e-03	9.070317353784043e-01	1.297838584401457e-02
9.968162261920613e-03	8.716154663046117e-01	1.210864560687645e-02
1.021912203415774e-02	8.040344159888224e-01	1.094750592573108e-02
1.047640000283133e-02	7.227591112649894e-01	9.790219984928582e-03
1.074015523569097e-02	6.819588471989978e-01	8.903752499419182e-03
1.101055080519698e-02	6.259473923203207e-01	1.276859835862362e-02
1.128775388934352e-02	6.423156108501917e-01	1.522958293337527e-02
1.157193587502005e-02	5.537940365399646e-01	1.221655512469523e-02
1.186327246397502e-02	5.153683513500443e-01	1.124167033342193e-02
1.216194378144739e-02	4.830625454901560e-01	1.022558266046424e-02
1.246813448753294e-02	4.290342443100990e-01	8.768356728958959e-03
1.278203389135446e-02	3.939462353793434e-01	7.900818810032665e-03
1.310383606810630e-02	3.511154965996842e-01	6.957274733839064e-03
1.343373997904555e-02	3.045846285730520e-01	5.865343803280019e-03
1.377194959450424e-02	2.583265204080087e-01	4.968533131195929e-03
1.411867401999850e-02	2.240191216371630e-01	4.274584719192132e-03
1.447412762551258e-02	1.961003516187174e-01	3.736091135378776e-03
1.483853017803783e-02	1.600492872802495e-01	3.073762687589110e-03
1.521210697744846e-02	1.332197002205533e-01	2.618997009079395e-03
1.559508899579812e-02	1.068925983179124e-01	2.111300950470786e-03
1.598771302012346e-02	8.392708277835251e-02	1.738900529754405e-03
1.639022179884288e-02	6.720412494134978e-02	1.445025577102211e-03
1.680286419184112e-02	5.014916654525896e-02	1.158029342857354e-03
1.722589532433227e-02	3.844970526080727e-02	9.528776659493393e-04
1.765957674459660e-02	2.754691790379521e-02	7.456569169818569e-04
1.810417658568848e-02	2.014229013338116e-02	6.021555174890038e-04
1.855996973121556e-02	1.366500529155822e-02	4.693052291115994e-04
1.902723798529155e-02	1.016840158087144e-02	3.842741120038564e-04
1.950627024676783e-02	6.592758547457249e-03	2.964641463466068e-04
1.999736268785150e-02	4.555239458034063e-03	2.357805863050751e-04
2.050081893722033e-02	3.326232347730336e-03	1.938230495754079e-04
2.101695026774786e-02	2.375061002416759e-03	1.576563695611331e-04
2.154607578895469e-02	2.049818134580406e-03	1.417418613475938e-04
2.208852264430495e-02	2.016518973903873e-03	1.364119234626436e-04
2.264462621346990e-02	2.158950436822822e-03	1.366301206956576e-04
2.321473031968379e-02	2.277392345447436e-03	1.391469679828417e-04
2.379918744232012e-02	2.627845151074200e-03	1.465396707587838e-04
2.439835893481973e-02	2.773617670303696e-03	1.483560090974335e-04
2.501261524810554e-02	2.768858348326388e-03	1.467211696094453e-04
2.564233615962188e-02	2.836628477659737e-03	1.474401422593988e-04
2.628791100814031e-02	2.722151639936612e-03	1.435310033313127e-04
2.694973893447682e-02	2.747782932765431e-03	1.449528427482395e-04
2.762822912826939e-02	2.081389948305851e-03	1.250087994621742e-04
2.832380108096850e-02	1.965097607270796e-03	1.182784580366492e-04
2.903688484519687e-02	1.771238443140070e-03	1.107248918514991e-04
2.976792130063898e-02	1.413917551244374e-03	9.691984655102530e-05
3.051736242662460e-02	9.383188848531450e-04	7.707223557799951e-05
3.128567158157488e-02	9.078428673698302e-04	7.512317217812211e-05
3.207332378948395e-02	7.354328788401594e-04	6.592885002840000e-05
3.288080603361283e-02	5.987013053114423e-04	5.870810036901762e-05
3.370861755757761e-02	4.892323356375835e-04	5.293465177740300e-05
3.455727017401768e-02	4.933060752812459e-04	5.281795916230238e-05
3.542728858103519e-02	2.968196739314341e-04	4.009273530344716e-05
3.631921068660118e-02	2.995818398692298e-04	4.021223405561770e-05
3.723358794112888e-02	3.017900207192345e-04	4.024005094983673e-05
3.817098567842016e-02	3.042395283997570e-04	4.059770927092521e-05
3.913198346519549e-02	2.999594497024433e-04	4.003817680794108e-05
4.011717545942375e-02	2.591049717688838e-04	3.744856163210224e-05
4.112717077767351e-02	2.298746142564255e-04	3.538334958213917e-05
4.216259387171269e-02	3.061896927985579e-04	4.145722505950827e-05
4.322408491458951e-02	1.850157942116580e-04	3.260015848274139e-05
4.431230019643360e-02	2.089044371862697e-04	3.560991241787545e-05
4.542791253022174e-02	2.395174915833114e-04	4.001080209878692e-05
4.657161166775926e-02	1.478214022214688e-04	3.277029295717132e-05
4.774410472613418e-02	1.817847960031557e-04	3.863136637078931e-05
4.894611662490794e-02	2.149330411043835e-04	4.406262598714188e-05
5.017839053431278e-02	1.253324693727031e-04	3.561742696322004e-05
5.144168833473306e-02	1.490459723679952e-04	4.049011478070010e-05
5.273679108775451e-02	1.134716141175874e-04	3.789063311842583e-05
5.406449951907270e-02	8.305521034372484e-05	3.394948026081154e-05
5.542563451355929e-02	8.957015453563582e-05	3.665106589872790e-05
5.682103762279209e-02	7.958065793684192e-05	3.562004684446440e-05
5.825157158536280e-02	1.022589623896929e-04	4.181574732192301e-05
5.971812086028409e-02	7.469505263551907e-05	3.737930703243351e-05
6.122159217382574e-02	8.165448936990900e-05	4.092862774794717e-05
6.276291508011812e-02	1.247012822991422e-04	5.109398081827981e-05
6.434304253586941e-02	1.371691876409439e-04	5.609890627227571e-05
6.596295148955195e-02	1.448646477513845e-04	5.929332271787884e-05
6.762364348542210e-02	6.010926221523907e-05	3.961402277921825e-05
6.932614528274701e-02	1.272829421775481e-04	5.892375957540776e-05
7.107150949062097e-02	2.711781309527050e-05	2.713784503236228e-05
7.250423457987221e-02	1.042530350718818e-04	7.380099614604035e-05
