6.531823447273124e-03	7.292243337674468e-01	7.504063270358027e-02
6.696074887692147e-03	7.344015685072585e-01	5.805665858554756e-02
6.864456650355410e-03	6.953637623472297e-01	4.836738971474531e-02
7.037072597742279e-03	6.884635265332097e-01	4.223729190382813e-02
7.214029204093135e-03	6.815921971930364e-01	3.840633570745666e-02
7.395435621085600e-03	7.678264585346207e-01	3.754786209234280e-02
7.581403745162281e-03	7.097331792022568e-01	3.256472303943828e-02
7.772048286551553e-03	7.017867906505489e-01	3.025754549463111e-02
7.967486840023972e-03	7.157662781365383e-01	2.822803835707403e-02
8.167839957427946e-03	7.417660546898550e-01	2.699744352886838e-02
8.373231222049415e-03	7.199811339510988e-01	2.483432552178485e-02
8.583787324841401e-03	7.788734114828803e-01	2.432182744531878e-02
8.799638142570461e-03	7.536995176941774e-01	2.258721484652193e-02
9.020916817928222e-03	7.600016437703058e-01	2.153696233489739e-02
9.247759841657448e-03	7.629940223264450e-01	2.046812029877298e-02
9.480307136743256e-03	7.371721677141199e-01	1.908337293716568e-02
9.718702144721449e-03	7.045813111791595e-01	1.746243709792993e-02
9.963091914157174e-03	6.558796608109217e-01	1.615930361564236e-02
1.021362719134851e-02	5.608437578263831e-01	1.408466975724269e-02
1.047046251331090e-02	4.856579681016583e-01	1.245304723119892e-02
1.073375630309983e-02	4.108814539232078e-01	1.077947011774516e-02
1.100367096753047e-02	3.693053685100400e-01	1.126116728774146e-02
1.128037299735468e-02	3.622403407497007e-01	1.202713255125901e-02
1.156403306995705e-02	2.987671387646856e-01	9.811122749738412e-03
1.185482615463337e-02	2.650037382951012e-01	8.723068278587731e-03
1.215293162051649e-02	2.561751035136919e-01	8.288103255957373e-03
1.245853334721610e-02	2.190594383090144e-01	7.099749635668158e-03
1.277181983824075e-02	1.946808619631845e-01	6.393234074485742e-03
1.309298433727188e-02	1.825341087231298e-01	5.991702059139998e-03
1.342222494736192e-02	1.447842480024854e-01	4.880649349934965e-03
1.375974475312959e-02	1.249591373074434e-01	4.333939116893036e-03
1.410575194602810e-02	1.161154971841954e-01	3.995978219268198e-03
1.446045995276330e-02	9.988958377252356e-02	3.522708676164630e-03
1.482408756694117e-02	8.815459063229254e-02	3.141996130753471e-03
1.519685908402562e-02	7.454474214726864e-02	2.758464090544658e-03
1.557900443969015e-02	6.339085701829264e-02	2.386088663190329e-03
1.597075935164842e-02	5.459903606764222e-02	2.123470795345689e-03
1.637236546505141e-02	4.696600298132918e-02	1.872896636352977e-03
1.678407050154072e-02	4.344779907890241e-02	1.732134784670900e-03
1.720612841205014e-02	3.620820475359706e-02	1.508905687180581e-03
1.763879953344944e-02	2.718679426618143e-02	1.222567183547460e-03
1.808235074912735e-02	2.538025054905938e-02	1.142018772846228e-03
1.853705565361249e-02	2.031061578722500e-02	9.734259589446998e-04
1.900319472133401e-02	1.617257960103098e-02	8.285744563199544e-04
1.948105547962584e-02	1.312035272378132e-02	7.207054574913892e-04
1.997093268608145e-02	1.206982785054562e-02	6.655487069307988e-04
2.047312851036841e-02	9.512235572022779e-03	5.670865854067385e-04
2.098795272061488e-02	7.623538175283469e-03	4.925898528903884e-04
2.151572287448310e-02	6.056696347725350e-03	4.220907734537348e-04
2.205676451504760e-02	5.590294461271450e-03	3.945873849253052e-04
2.261141137159915e-02	4.390786032000967e-03	3.373547306779023e-04
2.318000556549806e-02	3.443596016425546e-03	2.941550967448764e-04
2.376289782120401e-02	3.327836062569263e-03	2.859787925197019e-04
2.436044768261250e-02	2.349491917191264e-03	2.354991371632520e-04
2.497302373483139e-02	1.900257479505582e-03	2.096501216631376e-04
2.560100383153423e-02	1.509949628862831e-03	1.858295195774691e-04
2.624477532803081e-02	9.778841720063172e-04	1.478809372143862e-04
2.690473532019843e-02	9.705234561796926e-04	1.476522334843787e-04
2.758129088942161e-02	7.930087865008527e-04	1.334599190984675e-04
2.827485935369093e-02	6.372351369128127e-04	1.157617290398735e-04
2.898586852501625e-02	6.545470539578149e-04	1.158903162484970e-04
2.971475697331286e-02	5.206066062434405e-04	1.018865380045225e-04
3.046197429692338e-02	4.524536581699025e-04	9.266220768218886e-05
3.122798139994232e-02	3.370089277728814e-04	7.926057199733456e-05
3.201325077651439e-02	4.266728950560195e-04	8.711164280291376e-05
3.281826680228175e-02	3.207509208392249e-04	7.446993412005649e-05
3.364352603316022e-02	3.585321897254749e-04	7.834928963870015e-05
3.448953751162852e-02	3.768927337359573e-04	7.964987499025649e-05
3.535682308071963e-02	2.863434602038904e-04	6.835811744266850e-05
3.624591770590782e-02	2.152329942367541e-04	5.910900783468449e-05
3.715736980509005e-02	3.133494415818047e-04	7.063025314193247e-05
3.809174158686505e-02	1.930423294351271e-04	5.577297049173107e-05
3.904960939731907e-02	2.257632758183638e-04	6.010813932417158e-05
4.003156407553186e-02	1.754421607970885e-04	5.324666472416097e-05
4.103821131802240e-02	1.470633830588908e-04	4.906157597964919e-05
4.207017205235906e-02	1.486044683311188e-04	4.981222253197126e-05
4.312808282016477e-02	2.071091694127346e-04	5.951899501516446e-05
4.421259616975329e-02	1.975821062912905e-04	5.972304766420156e-05
4.532438105863883e-02	1.389321116635814e-04	5.255554338740353e-05
4.646412326616742e-02	1.178346351411766e-04	5.235819751885579e-05
4.763252581652434e-02	1.870626687629843e-04	6.798837194593777e-05
4.883030941237866e-02	1.906580231762907e-04	7.056474257986809e-05
5.005821287943243e-02	2.387478581856429e-04	8.555559595375518e-05
5.131699362214852e-02	1.420570966507367e-04	6.946350221943621e-05
5.260742809093848e-02	1.116749774266321e-04	6.457979718673517e-05
5.393031226109837e-02	1.587853053647593e-04	7.949631745868046e-05
5.528646212378811e-02	4.668758937641347e-05	4.460522633504534e-05
5.667671418935719e-02	1.758704863861560e-04	8.915286869882636e-05
5.810192600332707e-02	5.207768111563762e-05	5.210779111531138e-05
5.956297667534884e-02	2.241343479306617e-04	1.121559436100890e-04
6.106076742146201e-02	1.468637183338371e-04	9.603171839081322e-05
6.259622211998928e-02	9.950556632598237e-05	7.770502429555164e-05
6.417028788140994e-02	2.762195929642915e-04	1.382851536631152e-04
6.578393563256357e-02	7.425022235615775e-05	7.430351785720448e-05
6.743816071554429e-02	3.815342956141593e-04	1.708720059917122e-04
6.913398350165495e-02	8.187679413384785e-05	8.193870467278509e-05
7.087245002080014e-02	1.612067503605858e-04	1.140835687850305e-04
7.240295267082918e-02	0.000000000000000e+00	0.000000000000000e+00
