6.531919117736974e-03	3.589555889040385e-01	3.617023969208389e-02
6.696366713445120e-03	4.209384157707035e-01	2.666230982935701e-02
6.864954441822814e-03	3.513218726662963e-01	2.082484714425966e-02
7.037786534850146e-03	3.585266289411325e-01	1.855162110680586e-02
7.214969848651533e-03	3.752403411411166e-01	1.724571950291881e-02
7.396613929561183e-03	4.027496846689841e-01	1.630516662235398e-02
7.582831081851815e-03	3.892492831918000e-01	1.473151696562904e-02
7.773736437168517e-03	4.046212440235115e-01	1.394799994426652e-02
7.969448025710674e-03	4.241016207358332e-01	1.330624593754431e-02
8.170086849205966e-03	4.328020843332577e-01	1.255789627820346e-02
8.375776955721575e-03	4.333308894898929e-01	1.181060635049375e-02
8.586645516358821e-03	4.189965747413621e-01	1.080097675668272e-02
8.802822903878670e-03	4.495855317982181e-01	1.069940700746416e-02
9.024442773306718e-03	4.270724893541730e-01	9.817787619184795e-03
9.251642144567487e-03	4.340748340849100e-01	9.312716790586968e-03
9.484561487199120e-03	4.385344603470848e-01	8.950751340323831e-03
9.723344807200844e-03	4.255377958113757e-01	8.276314283346461e-03
9.968139736066932e-03	4.042946468283231e-01	7.705671049956629e-03
1.021909762206215e-02	3.489178169402767e-01	6.717993825707716e-03
1.047637362379519e-02	3.042071302521484e-01	5.944250322687107e-03
1.074012680614786e-02	2.780076748324757e-01	5.339842280667855e-03
1.101052023861944e-02	2.456435412664555e-01	6.181344059140790e-03
1.128772109614692e-02	2.257565252935266e-01	6.371303295806997e-03
1.157190076246351e-02	1.936789096851623e-01	5.223488794081057e-03
1.186323493605930e-02	1.696170401135042e-01	4.611006471932273e-03
1.216190373880953e-02	1.525861082784583e-01	4.185469938006043e-03
1.246809182733779e-02	1.273911918492257e-01	3.468334471203016e-03
1.278198850718285e-02	1.124240090998478e-01	3.085768897716638e-03
1.310378784983969e-02	9.172206028923824e-02	2.604129160985092e-03
1.343368881274725e-02	7.590611729671716e-02	2.185679011369747e-03
1.377189536229697e-02	6.358803949564218e-02	1.888521265960446e-03
1.411861659993816e-02	5.249577339090093e-02	1.608130378009513e-03
1.447406689145821e-02	4.554258798029289e-02	1.426885286064133e-03
1.483846599951756e-02	3.702868014497843e-02	1.216420975063237e-03
1.521203921952141e-02	3.313411072512236e-02	1.101441835786872e-03
1.559501751891208e-02	2.612815160145796e-02	9.070654793410691e-04
1.598763767996821e-02	2.234084694687673e-02	8.052261175736482e-04
1.639014244619909e-02	1.879945173014679e-02	7.007453980945451e-04
1.680278067242460e-02	1.729925069922901e-02	6.440886943304565e-04
1.722580747863356e-02	1.388477197481780e-02	5.478231475773783e-04
1.765948440771564e-02	1.283099223346831e-02	4.977368611183757e-04
1.810407958716429e-02	1.066866593194447e-02	4.345739079712276e-04
1.855986789485074e-02	1.009913691396115e-02	4.046072165789458e-04
1.902713112897150e-02	8.716071304152620e-03	3.595907969920194e-04
1.950615818227449e-02	7.969416470423239e-03	3.315001478070243e-04
1.999724522067143e-02	7.012871406500056e-03	2.997500085393228e-04
2.050069586634706e-02	6.138677761480224e-03	2.704648528669181e-04
2.101682138547821e-02	5.619476919044883e-03	2.483596147387038e-04
2.154594088067901e-02	4.732263304116613e-03	2.205410585376592e-04
2.208838148829098e-02	4.177181369470003e-03	2.004975413635839e-04
2.264447858064020e-02	4.150424796426736e-03	1.937111014008241e-04
2.321457597338639e-02	3.699802104430210e-03	1.806405389027115e-04
2.379902613809237e-02	3.230065674186918e-03	1.655283807215857e-04
2.439819042014498e-02	3.266474248053802e-03	1.639104838307541e-04
2.501243926216255e-02	2.812079056208286e-03	1.504686700390768e-04
2.564215243302676e-02	2.592382837958971e-03	1.432634376002073e-04
2.628771926268064e-02	2.229006443256437e-03	1.318817858373836e-04
2.694953888283789e-02	2.142331858027950e-03	1.296860511723024e-04
2.762802047375221e-02	1.987054085559012e-03	1.237645972788368e-04
2.832358351719940e-02	2.148249140816624e-03	1.257665707142041e-04
2.903665805582841e-02	1.738504896229567e-03	1.114495832641214e-04
2.976768495904195e-02	1.670297475291930e-03	1.072735131939908e-04
3.051711619557079e-02	1.571411697306364e-03	9.268673765837698e-05
3.128541511291048e-02	1.406873852523816e-03	8.522159609441998e-05
3.207305672379311e-02	1.220070292471432e-03	7.586515414824824e-05
3.288052799987133e-02	1.220596778090586e-03	7.337382435453460e-05
3.370832817279609e-02	1.059058915908156e-03	6.634515137312605e-05
3.455696904287441e-02	9.873905206537917e-04	6.188283078562914e-05
3.542697529549781e-02	8.937334267010653e-04	5.691130924894595e-05
3.631888482553727e-02	8.256409423345563e-04	5.281758401436743e-05
3.723324906990499e-02	7.594099420007974e-04	4.918422657589507e-05
3.817063334848891e-02	6.425538737647771e-04	4.386181887687645e-05
3.913161721367048e-02	6.720899079757145e-04	4.370228327013295e-05
4.011679480864185e-02	6.201354547981202e-04	4.071417469893653e-05
4.112677523474421e-02	5.781555486411041e-04	3.851536866021947e-05
4.216218292805413e-02	5.426572968002795e-04	3.647099691135789e-05
4.322365804545081e-02	5.124110398861150e-04	3.455808876673523e-05
4.431185686040308e-02	4.855300852144668e-04	3.298407748963406e-05
4.542745216872059e-02	4.303422238407848e-04	3.060187436441580e-05
4.657113370452030e-02	4.232179570957868e-04	2.967829130596885e-05
4.774360856666530e-02	3.590063578279454e-04	2.671466575427630e-05
4.894560165593967e-02	3.609795701359521e-04	2.607323377246379e-05
5.017785612322961e-02	3.269856869872291e-04	2.443896400127178e-05
5.144113382898804e-02	3.275785415835423e-04	2.469042135176169e-05
5.273621581426664e-02	2.964923956014544e-04	2.286032049591492e-05
5.406390278360662e-02	2.829856982022521e-04	2.136970173509636e-05
5.542501560008670e-02	2.289625113608090e-04	1.846338956534849e-05
5.682039579283449e-02	2.263637697184608e-04	1.779906835505551e-05
5.825090607731488e-02	2.146364481962796e-04	1.685720942878880e-05
5.971743088871737e-02	2.063329582328726e-04	1.599115402430734e-05
6.122087692877172e-02	1.757095751771040e-04	1.420612008256442e-05
6.276217372633047e-02	1.865632936205668e-04	1.411525040192663e-05
6.434227421206457e-02	1.606335531992354e-04	1.273072724364460e-05
6.596215530762750e-02	1.475384997034517e-04	1.167032270987259e-05
6.762281852965232e-02	1.256980507701463e-04	1.026691125129549e-05
6.932529060895486e-02	1.284112630667994e-04	1.017572678676657e-05
7.107062412532590e-02	1.099617110863895e-04	8.831618428579602e-06
7.285989815830510e-02	9.699483633644794e-05	8.104094465036432e-06
7.469421895433859e-02	7.109131814670966e-05	6.486103968231693e-06
7.657472061073302e-02	8.778199385236417e-05	7.093103980975152e-06
7.850256577682883e-02	6.691272050806169e-05	5.875587177614362e-06
8.047894637282628e-02	7.156381833942836e-05	5.791306894586939e-06
8.250508432670856e-02	5.114970150866508e-05	4.628258691667861e-06
8.458223232971777e-02	5.550239937747442e-05	4.681710999754149e-06
8.671167461085075e-02	4.730991162818922e-05	4.124859342210290e-06
8.889472773085354e-02	4.552428620438931e-05	3.907707963284663e-06
9.113274139620550e-02	4.030538684355564e-05	3.511868645179055e-06
9.342709929359638e-02	3.237172176066142e-05	3.024594770543374e-06
9.577921994541197e-02	3.009849733706897e-05	2.813927339740547e-06
9.819055758675765e-02	2.372817644099660e-05	2.394717722628883e-06
1.006626030645619e-01	2.074345594830101e-05	2.157686807383181e-06
1.031968847593153e-01	2.138271352746277e-05	2.126283468329166e-06
1.057949695300158e-01	1.907765981815976e-05	1.961531737295134e-06
1.084584636829035e-01	1.259691366854879e-05	1.555018381465732e-06
1.111890139645843e-01	1.352606862257106e-05	1.588035131419150e-06
1.139883085801566e-01	1.250253210940546e-05	1.505168771815581e-06
1.168580782369707e-01	1.281724958674765e-05	1.511217096326103e-06
1.198000972146646e-01	9.544508567467853e-06	1.283591041002230e-06
1.228161844621410e-01	1.141121219993986e-05	1.411688468634645e-06
1.259082047221599e-01	8.978615781766812e-06	1.248585890667695e-06
1.290780696842450e-01	7.065953020962148e-06	1.063226939888466e-06
1.323277391666156e-01	7.663097590733254e-06	1.107768876611798e-06
1.356592223278743e-01	7.020327957169203e-06	1.036138099651859e-06
1.390745789092008e-01	5.970467964751425e-06	9.302771192932956e-07
1.425759205078188e-01	7.055604943511330e-06	1.005502320984463e-06
1.461654118825237e-01	4.808386500817043e-06	8.048510184013997e-07
1.498452722920781e-01	4.477880639041956e-06	7.653450716851476e-07
1.536177768673034e-01	6.568121558443100e-06	9.292958705529567e-07
1.574852580177147e-01	6.160531393932834e-06	8.964538156111752e-07
1.614501068735687e-01	6.566335185972297e-06	9.115204184678583e-07
1.655147747642176e-01	4.735708763542615e-06	7.586099757586807e-07
1.696817747336816e-01	4.088786073316435e-06	7.030082919547174e-07
1.739536830943768e-01	4.346973756467008e-06	7.279031631134867e-07
1.783331410199608e-01	5.209963410120741e-06	7.987366026275403e-07
1.828228561782793e-01	5.413822131913969e-06	8.161986260179529e-07
1.874256044054237e-01	4.974118591523357e-06	7.816342158267701e-07
1.921442314219346e-01	5.766062911363555e-06	8.542271247327044e-07
1.969816545922132e-01	4.109013162422351e-06	7.246476596972802e-07
2.019408647282268e-01	4.358297711096188e-06	7.597537895631876e-07
2.070249279386246e-01	3.974742819492042e-06	7.592548708538175e-07
2.122369875244074e-01	4.856023614179563e-06	8.855146554801900e-07
2.175802659223219e-01	3.586423999641306e-06	7.978875286841581e-07
2.230580666971823e-01	5.652564061944186e-06	1.045069630561700e-06
2.286737765843506e-01	2.929811679886467e-06	7.894016169385223e-07
2.344308675836382e-01	2.566689198740274e-06	7.852447971036295e-07
2.403328991059238e-01	3.502371988283457e-06	9.606763866208837e-07
2.463835201738146e-01	4.539662070173628e-06	1.145214767729434e-06
2.525864716777105e-01	3.967080030714134e-06	1.129415703102753e-06
2.589455886886686e-01	4.098572721384149e-06	1.170297281353181e-06
2.654648028294945e-01	2.194519986475338e-06	8.998202460665796e-07
2.721481447055299e-01	5.011443055826687e-06	1.416342791442664e-06
2.789997463966363e-01	2.424487948522684e-06	1.021854674970376e-06
2.860238440119180e-01	4.139571600640628e-06	1.388546915224643e-06
2.932247803087621e-01	3.268246831454491e-06	1.277962789445539e-06
3.006070073778155e-01	2.006727158364404e-06	1.009650200550171e-06
3.081750893955594e-01	1.658010075498077e-06	9.576710488131103e-07
3.159337054461820e-01	1.769393586359258e-06	1.024365520402198e-06
3.238876524144951e-01	1.768554103888791e-06	1.023843904116504e-06
3.320168982168070e-01	2.577100593851386e-06	1.295264721241635e-06
