9.304101925877984e-03	5.311879444728979e-02	6.311797988470169e-03	1.828679414158573e-02
9.637011996887825e-03	4.015557232942173e-02	4.670945358692490e-03	1.894111392276581e-02
9.981833923148468e-03	3.930613007782538e-02	4.149305934423398e-03	1.961884592003629e-02
1.033899392275264e-02	2.925736347778839e-02	3.145536137076865e-03	2.032082784590111e-02
1.070893346430266e-02	3.055108276058694e-02	2.858728282382226e-03	2.104792738705530e-02
1.109210981258887e-02	2.447784131452123e-02	2.339477930277407e-03	2.180104327689152e-02
1.148899659379311e-02	2.517397700769033e-02	2.105425601271478e-03	2.258110640638198e-02
1.190008438091562e-02	2.209702779951755e-02	1.767244683859377e-03	2.338908097470873e-02
1.232588130014916e-02	2.104042422800809e-02	1.595036355658825e-03	2.422596568106478e-02
1.276691365894980e-02	1.821840570181965e-02	1.330866482813532e-03	2.509279495909897e-02
1.322372659658068e-02	1.585009512621587e-02	1.123592262979030e-03	2.599064025553048e-02
1.369688475793294e-02	1.473569225792974e-02	9.935869480408037e-04	2.692061135451362e-02
1.418697299145654e-02	1.269090812974080e-02	8.381131617734874e-04	2.788385774938947e-02
1.469459707206384e-02	1.159756299239537e-02	7.348251538221030e-04	2.888157006352038e-02
1.522038444989936e-02	1.086669458936751e-02	6.517689873406762e-04	2.991498152196320e-02
1.576498502590121e-02	8.302707395005757e-03	5.306217522595087e-04	3.098536947580056e-02
1.632907195511298e-02	7.385689563493485e-03	4.640827627640285e-04	3.209405698101418e-02
1.691334247873887e-02	7.080503870805196e-03	4.196329983724871e-04	3.324241443385185e-02
1.751851878597063e-02	5.207509707130404e-03	3.347308903331644e-04	3.443186126470951e-02
1.814534890665144e-02	5.269494125039455e-03	3.136766615153013e-04	3.566386769262207e-02
1.879460763588034e-02	5.006972483224324e-03	2.827258990204761e-04	3.693995654253179e-02
1.946709749169977e-02	4.429116775111776e-03	2.490339832442790e-04	3.826170512758011e-02
2.016364970705028e-02	3.543153965833996e-03	2.095283066184056e-04	3.963074719875005e-02
2.088512525721824e-02	3.339671285641239e-03	1.916023513649806e-04	4.104877496426852e-02
2.163241592404677e-02	2.743643867004755e-03	1.641610060231902e-04	4.251754118126502e-02
2.240644539822509e-02	2.337666731476321e-03	1.431151473789311e-04	4.403886132227186e-02
2.320817042101898e-02	2.130251667516841e-03	1.317709724063313e-04	4.561461581924407e-02
2.403858196685347e-02	1.630070152197807e-03	1.109711022593576e-04	4.724675238787245e-02
2.489870646820945e-02	1.418556599838919e-03	1.008840320888456e-04	4.893728843506292e-02
2.578960708434845e-02	1.425564015841802e-03	9.885132826700046e-05	5.068831355255790e-02
2.671238501543352e-02	1.275091526620568e-03	8.963122813643551e-05	5.250199209978198e-02
2.766818086367075e-02	9.808788141480815e-04	7.606914441375489e-05	5.438056587910427e-02
2.865817604315375e-02	8.979172934665886e-04	6.903096718914774e-05	5.632635690682450e-02
2.968359424015383e-02	7.382262515255424e-04	6.036336902716444e-05	5.834177028330759e-02
3.074570292566078e-02	7.105956582985439e-04	5.587773224300223e-05	6.042929716581461e-02
3.184581492204384e-02	4.736688024731837e-04	4.442093870488404e-05	6.259151784770461e-02
3.298529002576950e-02	3.871248015883956e-04	3.932909066821471e-05	6.483110494781334e-02
3.416553668818156e-02	4.063517376515237e-04	3.809815338233254e-05	6.715082671395106e-02
3.538801375642138e-02	3.653359623774076e-04	3.417108345549988e-05	6.955355044460293e-02
3.665423227663990e-02	3.284706611322877e-04	3.131198160548702e-05	7.204224603306129e-02
3.796575736173034e-02	2.876598531145260e-04	2.825067081020006e-05	7.461998963837023e-02
3.932421012589042e-02	2.173194824340258e-04	2.462473644596344e-05	7.728996748762076e-02
4.073126968840490e-02	1.842085031413616e-04	2.205072837869522e-05	8.005547981429532e-02
4.218867524912571e-02	1.663318315584680e-04	2.022276085177855e-05	8.291994493753062e-02
4.369822823821469e-02	1.241267961608272e-04	1.744508552751042e-05	8.588690348734042e-02
4.526179454280625e-02	1.151834179978225e-04	1.682798147708407e-05	8.896002278102094e-02
4.688130681334240e-02	9.686533466386626e-05	1.550774334277339e-05	9.214310135614866e-02
4.855876685243060e-02	7.552829937993687e-05	1.393188482736331e-05	9.544007366577301e-02
5.029624808917742e-02	5.595624405922043e-05	1.236721567234192e-05	9.885501494160803e-02
5.209589814205628e-02	3.978046051374377e-05	1.005359869435305e-05	1.023921462312337e-01
5.395994147347720e-02	2.880466420746218e-05	1.013003601837331e-05	1.060558396155335e-01
5.589068213933968e-02	4.245895140055451e-05	1.032743822599553e-05	1.098506236128169e-01
5.789050663696740e-02	3.425384060801520e-05	8.972656320668753e-06	1.137811887763071e-01
5.996188685494473e-02	2.247969228258081e-05	7.394222249881115e-06	1.178523934919121e-01
6.210738312850150e-02	2.381338123597366e-05	7.028337532884071e-06	1.220692699834462e-01
6.432964740422241e-02	1.831796187099222e-05	6.053965878655271e-06	1.264370305327239e-01
6.663142651799289e-02	1.708282369234971e-05	5.726740262028164e-06	1.309610739222153e-01
6.901556559023318e-02	2.120630804947009e-05	5.555594533452612e-06	1.356469921082261e-01
7.148501154261731e-02	1.648347047063627e-05	5.337999362847327e-06	1.405005771328505e-01
7.404281674062371e-02	1.206159225213023e-05	5.142674994292856e-06	1.455278282832410e-01
7.669214276641997e-02	1.652777204888651e-05	5.020041826030567e-06	1.507349595070437e-01
7.943626432674525e-02	1.667045148246573e-05	4.824007415325173e-06	1.561284070931652e-01
8.227857330062052e-02	1.593024125338155e-05	4.375658794296103e-06	1.617148376273658e-01
8.522258293189003e-02	1.129256831659087e-05	3.881720503933878e-06	1.675011562325106e-01
8.827193217177598e-02	1.286062471616011e-05	3.766689629704693e-06	1.734945151036660e-01
9.143039017681430e-02	1.498826721033925e-05	3.815909622950852e-06	1.797023223485903e-01
9.470186096773089e-02	5.234716567269221e-06	3.008529519510988e-06	1.861322511445452e-01
9.809038825501727e-02	1.356020870751868e-05	3.496158087846287e-06	1.927922492227482e-01
1.016001604371700e-01	7.791548449364971e-06	2.926081741065853e-06	1.996905486921873e-01
1.052355157777724e-01	3.859525728637607e-06	2.565656118460243e-06	2.068356762149425e-01
1.090009477678169e-01	8.824420376956249e-06	2.813848237321136e-06	2.142364635455893e-01
1.129011106798972e-01	6.795482723479318e-06	2.477971168455136e-06	2.219020584477140e-01
1.169408253211346e-01	3.953504097542884e-06	2.295398935596415e-06	2.298419360010317e-01
1.211250849919501e-01	5.991716061322672e-06	2.480067121306019e-06	2.380659103130846e-01
1.254590616580470e-01	4.676240483779252e-06	2.429085561867868e-06	2.465841466499971e-01
1.299481123432336e-01	2.644952289124514e-06	2.429385239727683e-06	2.554071740012807e-01
1.345977857509869e-01	-2.049168738021369e-06	2.123855908103994e-06	2.645458980942205e-01
1.394138291229429e-01	-1.532053422152438e-06	2.358090367399094e-06	2.740116148739298e-01
1.444021953427909e-01	3.440034662301840e-06	3.029740279541714e-06	2.838160244657339e-01
1.501354505529975e-01	1.141037241014612e-06	2.629905779383758e-06	2.950844798873815e-01
