9.303973957862796e-03	1.042984449271739e+00	4.404913965179538e-02	1.828678545622466e-02
9.636618938778267e-03	9.464506988469450e-01	3.471117286380357e-02	1.894059289664106e-02
9.981156975696405e-03	9.961801147961875e-01	3.185683563225928e-02	1.961777591447467e-02
1.033801328104848e-02	9.320683323455409e-01	2.723108174221013e-02	2.031917025674488e-02
1.070762826988580e-02	9.300501183475348e-01	2.462702220668347e-02	2.104564155093428e-02
1.109045810341903e-02	9.722602430942806e-01	2.300503203326694e-02	2.179808637330483e-02
1.148697525199057e-02	9.740930735084786e-01	2.105357456297615e-02	2.257743335540960e-02
1.189766907817499e-02	9.661800746629813e-01	1.878452529570544e-02	2.338464433016556e-02
1.232304644072698e-02	9.784823047032387e-01	1.756789891232607e-02	2.422071551890197e-02
1.276363232012229e-02	9.997437477426535e-01	1.612502256934711e-02	2.508667876084927e-02
1.321997046646363e-02	9.607498957103403e-01	1.423203644706092e-02	2.598360278658592e-02
1.369262407055110e-02	9.526362199212437e-01	1.303081946212372e-02	2.691259453701472e-02
1.418217645894551e-02	7.230673692737868e-01	1.001822737602385e-02	2.787480052949661e-02
1.468923181388219e-02	4.149749776922521e-01	6.599127950736056e-03	2.887140827282771e-02
1.521441591892393e-02	2.119099112102451e-01	4.139218244485059e-03	2.990364773280612e-02
1.575837693127321e-02	1.491029396908862e-01	3.173937058797722e-03	3.097279285019713e-02
1.632178618169702e-02	1.051906090623156e-01	2.447624043986284e-03	3.208016311297023e-02
1.690533900305124e-02	8.287593751765937e-02	2.009064596437668e-03	3.322712518474826e-02
1.750975558842733e-02	6.577285572962673e-02	1.646362178439609e-03	3.441509459147857e-02
1.813578187998037e-02	5.078426420683770e-02	1.349951901986569e-03	3.564553746840769e-02
1.878419048953531e-02	4.045171499989323e-02	1.115377566651431e-03	3.691997236951567e-02
1.945578165210766e-02	3.434398538020258e-02	9.616444667519458e-04	3.823997214164297e-02
2.015138421351547e-02	2.670266987982459e-02	7.960919776678015e-04	3.960716586562313e-02
2.087185665330129e-02	2.259222423261584e-02	6.896491745186131e-04	4.102324086681675e-02
2.161808814422677e-02	1.872554268787830e-02	5.911037971665652e-04	4.248994479752805e-02
2.239099964964731e-02	1.586096112141090e-02	5.141803354313409e-04	4.400908779387407e-02
2.319154506012115e-02	1.258182280514829e-02	4.414335071854026e-04	4.558254470976845e-02
2.402071237065566e-02	1.123554671284320e-02	3.986625531505508e-04	4.721225743077680e-02
2.487952490004371e-02	9.808196106262282e-03	3.616672602672550e-04	4.890023727069936e-02
2.576904255379497e-02	8.053409856590584e-03	3.207484547427586e-04	5.064856745383868e-02
2.669036313222081e-02	7.080190197529652e-03	2.748133693079602e-04	5.245940568601577e-02
2.764462368528709e-02	5.751909628358903e-03	2.358350307072901e-04	5.433498681750790e-02
2.863300191590716e-02	5.128549013876983e-03	2.100956622390895e-04	5.627762560119425e-02
2.965671763340659e-02	4.472414375553437e-03	1.846330579268186e-04	5.828971954931375e-02
3.071703425895378e-02	4.013024038361445e-03	1.655834722648717e-04	6.037375189236037e-02
3.181526038481415e-02	3.334268144605656e-03	1.438069950514538e-04	6.253229464376792e-02
3.295275138935241e-02	3.007445142554317e-03	1.294353254716822e-04	6.476801177416656e-02
3.413091110977594e-02	2.579875556595723e-03	1.141070423015383e-04	6.708366249912835e-02
3.535119357468375e-02	2.388023233464633e-03	1.043960495021224e-04	6.948210468445969e-02
3.661510479855942e-02	2.014594381822128e-03	9.143174687756220e-05	7.196629837324317e-02
3.792420464042232e-02	1.762098800751917e-03	8.183188514845979e-05	7.453930943898174e-02
3.928010872893134e-02	1.600362326663469e-03	7.457447328484097e-05	7.720431336935366e-02
4.068449045631683e-02	1.484771735704780e-03	6.849016402162716e-05	7.996459918524816e-02
4.213908304360153e-02	1.277484183254522e-03	6.123369470028287e-05	8.282357349991835e-02
4.364568167965941e-02	1.184807796115108e-03	5.671166081365114e-05	8.578476472326092e-02
4.520614573675227e-02	1.068883261809894e-03	5.289680441818544e-05	8.885182741641168e-02
4.682240106527838e-02	9.592012043545203e-04	4.516573016087192e-05	9.202854680203064e-02
4.849644237056527e-02	9.332869083689640e-04	4.241861581657874e-05	9.531884343584364e-02
5.023033567464009e-02	8.294342241665106e-04	3.786390095105633e-05	9.872677804520535e-02
5.202622086601550e-02	7.496377396058929e-04	3.392808747153804e-05	1.022565565406556e-01
5.388631434063815e-02	6.428739337603190e-04	3.134378735294323e-05	1.059125352066536e-01
5.581291173725900e-02	6.039777998732424e-04	2.838949450686229e-05	1.096992260778971e-01
5.780839077060122e-02	5.881774466341667e-04	2.629920539174711e-05	1.136213025078602e-01
5.987521416582252e-02	5.328194403762056e-04	2.319824875500271e-05	1.176836049364237e-01
6.201593269789318e-02	4.900180911552649e-04	2.088722732553493e-05	1.218911468637157e-01
6.423318833964095e-02	4.602827304214964e-04	1.905176432783678e-05	1.262491210375341e-01
6.652971752234813e-02	4.341232823728869e-04	1.756790534141661e-05	1.307629058619890e-01
6.890835451292465e-02	3.581369123952028e-04	1.494563285703075e-05	1.354380720352728e-01
7.137203491182524e-02	3.253284329433503e-04	1.361116113926161e-05	1.402803894247499e-01
7.392379927602774e-02	3.156486510391531e-04	1.279978810457208e-05	1.452958341878530e-01
7.656679687154355e-02	2.914216214083633e-04	1.178481930641844e-05	1.504905961475713e-01
7.930428956009186e-02	2.792182536345138e-04	1.087538791854410e-05	1.558710864316354e-01
8.213965582473381e-02	2.491290228191434e-04	9.642410508078870e-06	1.614439453848256e-01
8.507639493943553e-02	2.142479266687146e-04	8.446018859268056e-06	1.672160507641693e-01
8.811813128770515e-02	1.797527548435700e-04	7.292476212498148e-06	1.731945262271407e-01
9.126861883563447e-02	1.696096664959109e-04	6.741814892886902e-06	1.793867501233396e-01
9.453174576486492e-02	1.498607063904371e-04	5.998138928398466e-06	1.858003646004994e-01
9.791153927119613e-02	1.296987141322356e-04	5.310097679361947e-06	1.924432850360610e-01
1.014121705347592e-01	1.051608036583408e-04	4.566493676271819e-06	1.993237098059553e-01
1.050379598678885e-01	8.700105938888600e-05	3.992412456490333e-06	2.064501304026476e-01
1.087933820470451e-01	8.139300665169975e-05	3.705038369193120e-06	2.138313419149335e-01
1.126830718353731e-01	6.619979436408393e-05	3.212005491379312e-06	2.214764538824181e-01
1.167118297027032e-01	5.909986704462074e-05	2.989751443945513e-06	2.293949015380762e-01
1.208846277500639e-01	4.220267894553491e-05	2.491480694377621e-06	2.375964574527671e-01
1.252066158460119e-01	3.221704108779465e-05	2.229072906958599e-06	2.460912435960758e-01
1.296831279823544e-01	2.689283465670968e-05	2.070519754989004e-06	2.548897438283664e-01
1.343196888571075e-01	1.924555861366056e-05	1.884370140107558e-06	2.640028168394619e-01
1.391220206928157e-01	1.422984504743812e-05	1.702897888829573e-06	2.734417095499232e-01
1.440960502986459e-01	9.433636958701079e-06	1.489208373287480e-06	2.832180709914616e-01
1.492479163849734e-01	6.531017065724884e-06	1.305131358618817e-06	2.933439666836193e-01
1.545839771394854e-01	6.073777595565201e-06	1.357967475933201e-06	3.038318935244588e-01
1.601108180741534e-01	3.407661441527961e-06	1.186725063659064e-06	3.146947952136387e-01
1.658352601527586e-01	1.137370608660993e-06	1.016341809320115e-06	3.259460782269120e-01
1.717643682090002e-01	1.421753154554374e-06	1.011683823016209e-06	3.375996283617587e-01
1.779054596655765e-01	3.706540727894212e-07	9.047914459432732e-07	3.496698278745766e-01
1.842661135649999e-01	1.366515591939594e-06	8.980892978640504e-07	3.621715732305764e-01
1.908541799232893e-01	1.909985487615974e-07	8.316173454675100e-07	3.751202934882892e-01
1.976777894180867e-01	1.016468883561343e-06	7.943472292091564e-07	3.885319693413761e-01
2.047453634231516e-01	-1.342382442639860e-06	7.024642668482221e-07	4.024231528412383e-01
2.120656244016195e-01	1.747950399298601e-06	7.880154370756434e-07	4.168109878247711e-01
2.196476066708506e-01	1.307175900710111e-06	7.918803139628561e-07	4.317132310724701e-01
2.275006675521535e-01	-9.223418497092455e-07	7.286984344357189e-07	4.471482742230041e-01
2.356344989191457e-01	6.588811150315238e-07	8.427823911232991e-07	4.631351664712992e-01
2.440591391590019e-01	-2.315154341981501e-08	8.953354839454915e-07	4.796936380781475e-01
2.527849855613537e-01	-4.446117859619826e-07	8.911016274169000e-07	4.968441247203556e-01
2.618228071501288e-01	4.045688522501056e-09	9.373641628922199e-07	5.146077927114825e-01
2.701107233169440e-01	-1.096063485887749e-06	1.085409030695684e-06	5.308975357296948e-01
