9.304101925877984e-03	5.311879444728979e-02	6.311797988470169e-03	1.828679414158573e-02
9.637011996887825e-03	4.015557232942173e-02	4.670945358692490e-03	1.894111392276581e-02
9.981833923148468e-03	3.930613007782538e-02	4.149305934423397e-03	1.961884592003629e-02
1.033899392275264e-02	2.925736347778839e-02	3.145536137076865e-03	2.032082784590111e-02
1.070893346430266e-02	3.055108276058694e-02	2.858728282382226e-03	2.104792738705530e-02
1.109210981258887e-02	2.447784131452123e-02	2.339477930277407e-03	2.180104327689152e-02
1.148899659379311e-02	2.517397700769033e-02	2.105425601271478e-03	2.258110640638198e-02
1.190008438091562e-02	2.209702779951755e-02	1.767244683859377e-03	2.338908097470873e-02
1.232588130014916e-02	2.104042422800809e-02	1.595036355658825e-03	2.422596568106478e-02
1.276691365894980e-02	1.821840570181965e-02	1.330866482813532e-03	2.509279495909897e-02
1.322372659658068e-02	1.585009512621587e-02	1.123592262979030e-03	2.599064025553048e-02
1.369688475793294e-02	1.473569225792975e-02	9.935869480408037e-04	2.692061135451362e-02
1.418697299145654e-02	1.269090812974080e-02	8.381131617734874e-04	2.788385774938947e-02
1.469459707206384e-02	1.159756299239537e-02	7.348251538221030e-04	2.888157006352038e-02
1.522038444989936e-02	1.086669458936751e-02	6.517689873406762e-04	2.991498152196320e-02
1.576498502590121e-02	8.302707395005757e-03	5.306217522595087e-04	3.098536947580056e-02
1.632907195511298e-02	7.385689563493485e-03	4.640827627640285e-04	3.209405698101418e-02
1.691334247873887e-02	7.080503870805196e-03	4.196329983724871e-04	3.324241443385185e-02
1.751851878597063e-02	5.207509707130403e-03	3.347308903331644e-04	3.443186126470951e-02
1.814534890665144e-02	5.269494125039455e-03	3.136766615153012e-04	3.566386769262207e-02
1.879460763588034e-02	5.006972483224323e-03	2.827258990204761e-04	3.693995654253179e-02
1.946709749169977e-02	4.429116775111776e-03	2.490339832442790e-04	3.826170512758011e-02
2.016364970705028e-02	3.543153965833996e-03	2.095283066184056e-04	3.963074719875005e-02
2.088512525721824e-02	3.339671285641239e-03	1.916023513649806e-04	4.104877496426852e-02
2.163241592404677e-02	2.743643867004755e-03	1.641610060231902e-04	4.251754118126502e-02
2.240644539822509e-02	2.337666731476321e-03	1.431151473789310e-04	4.403886132227186e-02
2.320817042101898e-02	2.130251667516841e-03	1.317709724063313e-04	4.561461581924407e-02
2.403858196685347e-02	1.630070152197807e-03	1.109711022593576e-04	4.724675238787245e-02
2.489870646820945e-02	1.418556599838919e-03	1.008840320888456e-04	4.893728843506292e-02
2.578960708434845e-02	1.425564015841802e-03	9.885132826700048e-05	5.068831355255790e-02
2.671238501543352e-02	1.275091526620568e-03	8.963122813643551e-05	5.250199209978198e-02
2.766818086367075e-02	9.808788141480815e-04	7.606914441375489e-05	5.438056587910427e-02
2.865817604315375e-02	8.979172934665887e-04	6.903096718914774e-05	5.632635690682450e-02
2.968359424015383e-02	7.382262515255424e-04	6.036336902716444e-05	5.834177028330759e-02
3.074570292566078e-02	7.105956582985439e-04	5.587773224300223e-05	6.042929716581461e-02
3.184581492204384e-02	4.736688024731838e-04	4.442093870488404e-05	6.259151784770461e-02
3.298529002576950e-02	3.871248015883956e-04	3.932909066821471e-05	6.483110494781334e-02
3.416553668818156e-02	4.063517376515238e-04	3.809815338233254e-05	6.715082671395106e-02
3.538801375642138e-02	3.653359623774076e-04	3.417108345549988e-05	6.955355044460293e-02
3.665423227663990e-02	3.284706611322877e-04	3.131198160548702e-05	7.204224603306129e-02
3.796575736173034e-02	2.876598531145260e-04	2.825067081020006e-05	7.461998963837023e-02
3.932421012589042e-02	2.173194824340258e-04	2.462473644596344e-05	7.728996748762076e-02
4.073126968840490e-02	1.842085031413616e-04	2.205072837869522e-05	8.005547981429532e-02
4.218867524912571e-02	1.663318315584680e-04	2.022276085177855e-05	8.291994493753062e-02
4.369822823821469e-02	1.241267961608272e-04	1.744508552751042e-05	8.588690348734042e-02
4.526179454280625e-02	1.151834179978225e-04	1.682798147708407e-05	8.896002278102094e-02
4.688130681334240e-02	9.654042793662881e-05	1.474077800283356e-05	9.214310135614866e-02
4.855876685243060e-02	7.442432393555095e-05	1.297711510143026e-05	9.544007366577301e-02
5.029624808917742e-02	5.523629289279225e-05	1.135821544683808e-05	9.885501494160803e-02
5.209589814205628e-02	4.032022065278790e-05	9.202051077121215e-06	1.023921462312337e-01
5.395994147347720e-02	3.132773409264155e-05	8.991065935746816e-06	1.060558396155335e-01
5.589068213933968e-02	4.079624180943852e-05	8.806782856701316e-06	1.098506236128169e-01
5.789050663696740e-02	3.509674665428020e-05	7.586071958108785e-06	1.137811887763071e-01
5.996188685494473e-02	2.458312855737888e-05	6.278033813720111e-06	1.178523934919121e-01
6.210738312850150e-02	2.126231839027728e-05	5.623314573738088e-06	1.220692699834462e-01
6.432964740422241e-02	2.149185738417160e-05	5.054610778112203e-06	1.264370305327239e-01
6.663142651799289e-02	1.349065638008405e-05	4.324796240204085e-06	1.309610739222153e-01
6.901556559023318e-02	2.230877261696730e-05	4.334865207073175e-06	1.356469921082261e-01
7.148501154261731e-02	1.401347641829906e-05	3.740670809568055e-06	1.405005771328505e-01
7.404281674062371e-02	1.059211768723427e-05	3.326719777273872e-06	1.455278282832410e-01
7.669214276641997e-02	1.513801715596198e-05	3.303950656571458e-06	1.507349595070437e-01
7.943626432674525e-02	1.551724959619673e-05	3.102757642928141e-06	1.561284070931652e-01
8.227857330062052e-02	1.416724844838393e-05	2.777112050206446e-06	1.617148376273658e-01
8.522258293189003e-02	8.952448206579175e-06	2.268026396147744e-06	1.675011562325106e-01
8.827193217177598e-02	1.064796132431676e-05	2.236163399967668e-06	1.734945151036660e-01
9.143039017681430e-02	9.425604859515769e-06	2.009142889675011e-06	1.797023223485903e-01
9.470186096773089e-02	7.950137516879882e-06	1.894895925816505e-06	1.861322511445452e-01
9.809038825501727e-02	9.000764468080563e-06	1.785705673764778e-06	1.927922492227482e-01
1.016001604371700e-01	7.839260073590931e-06	1.627360639037510e-06	1.996905486921873e-01
1.052355157777724e-01	6.827798974980233e-06	1.553074045468052e-06	2.068356762149425e-01
1.090009477678169e-01	7.022070379751481e-06	1.427306719212660e-06	2.142364635455893e-01
1.129011106798972e-01	7.046519242206611e-06	1.346811218242128e-06	2.219020584477140e-01
1.169408253211346e-01	4.664909680457802e-06	1.188700880787785e-06	2.298419360010317e-01
1.211250849919501e-01	5.109026760716750e-06	1.172153038320983e-06	2.380659103130846e-01
1.254590616580470e-01	4.212114166978031e-06	1.124984912972661e-06	2.465841466499971e-01
1.299481123432336e-01	4.950237784172664e-06	1.187321583851815e-06	2.554071740012807e-01
1.345977857509869e-01	1.870817299108244e-06	1.026357128201002e-06	2.645458980942205e-01
1.394138291229429e-01	2.704944534043051e-06	1.063730304430266e-06	2.740116148739298e-01
1.444021953427909e-01	3.836891377558942e-06	1.038637556363848e-06	2.838160244657339e-01
1.495690502943514e-01	3.324317718713881e-06	9.714767369914896e-07	2.939712456371423e-01
1.549207804829335e-01	2.149142297060755e-06	8.899851367348002e-07	3.044898307772849e-01
1.604640009293934e-01	-2.382390829473453e-07	7.308565339434222e-07	3.153847814123270e-01
1.662055633466480e-01	1.988083598397700e-06	7.889178138983871e-07	3.266695642760414e-01
1.721525646087544e-01	2.734462147159322e-07	6.837778141754666e-07	3.383581279554025e-01
1.783123555230203e-01	1.994993067974858e-06	7.262097788936017e-07	3.504649201317747e-01
1.846925499159894e-01	1.245183309456053e-06	6.568471627383510e-07	3.630049054390097e-01
1.913010340445335e-01	8.661319175408584e-07	6.209027939289416e-07	3.759935839605229e-01
1.981459763436809e-01	-1.422134031507724e-07	5.658963221133998e-07	3.894470103882144e-01
2.052358375232342e-01	1.640906959270678e-06	6.210148297600313e-07	4.033818138669151e-01
2.125793810256530e-01	2.768863439294119e-07	5.426642986885462e-07	4.178152185488871e-01
2.201856838581319e-01	1.314432713729612e-06	5.953880497631642e-07	4.327650648837849e-01
2.280641478122597e-01	1.087078514313574e-06	6.068196261451637e-07	4.482498316703916e-01
2.362245110851302e-01	9.848749265024142e-07	6.499336622272116e-07	4.642886588973898e-01
2.446768603162672e-01	1.832413573530262e-06	7.268128021281163e-07	4.809013714013974e-01
2.534316430552436e-01	1.873867354199016e-07	6.971350523703553e-07	4.981085033715108e-01
2.624996806754032e-01	7.168674872192044e-07	7.638871319296884e-07	5.159313237306468e-01
2.704568773877115e-01	4.687667849200125e-07	9.814793448819056e-07	5.315708362146369e-01
