6.532015878499265e-03	1.031891578783771e+00	1.242641503070953e-01
6.696661870732718e-03	9.812136157174096e-01	6.868365971227457e-02
6.865457929846407e-03	8.552600269792219e-01	5.407524031563304e-02
7.038508662426115e-03	8.610497718147733e-01	4.757498541256555e-02
7.215921311771227e-03	9.486426330587903e-01	4.629906571625183e-02
7.397805824355733e-03	8.959599741102093e-01	4.071447274337765e-02
7.584274917964443e-03	8.946897357126358e-01	3.687757669670672e-02
7.775444151546655e-03	8.893123649827860e-01	3.437275132356447e-02
7.971431996830539e-03	9.641633891105292e-01	3.345617243236894e-02
8.172359911742651e-03	9.075988921434812e-01	3.025902197160173e-02
8.378352415678036e-03	9.008109492844094e-01	2.811680992831990e-02
8.589537166667615e-03	8.687376585962611e-01	2.587254672407571e-02
8.806045040490639e-03	8.680711529361352e-01	2.440247399745785e-02
9.028010211781245e-03	8.552338567952475e-01	2.289775273455822e-02
9.255570237179402e-03	8.893796579471385e-01	2.213344981487616e-02
9.488866140577746e-03	8.625072394315096e-01	2.069359640547009e-02
9.728042500517150e-03	8.421477872138809e-01	1.922680774725298e-02
9.973247539785185e-03	7.789818887221341e-01	1.765728645555735e-02
1.022463321727301e-02	6.999507313564733e-01	1.582872732183020e-02
1.048235532214759e-02	6.218255630141025e-01	1.414088143821228e-02
1.074657357039764e-02	5.959480933797919e-01	1.305312249681500e-02
1.101745170381309e-02	5.196629752134020e-01	1.425481424198091e-02
1.129515759145940e-02	5.083747466080358e-01	1.525895137417203e-02
1.157986333370973e-02	4.157507980577959e-01	1.220521978885111e-02
1.187174536889921e-02	4.095783122901979e-01	1.178956782969373e-02
1.217098458266769e-02	3.695580293535143e-01	1.045847905583398e-02
1.247776642005841e-02	3.288398636968515e-01	9.206905716100769e-03
1.279228100044240e-02	3.104794995572683e-01	8.592252560958089e-03
1.311472323533955e-02	2.732819589607215e-01	7.602294642074136e-03
1.344529294920952e-02	2.514462298234872e-01	6.866528637329362e-03
1.378419500328729e-02	2.205419026851973e-01	6.086961207566972e-03
1.413163942254015e-02	1.993524367838120e-01	5.487396871591966e-03
1.448784152582470e-02	1.681834665596253e-01	4.759542061847912e-03
1.485302205932464e-02	1.467244098073322e-01	4.202481926118797e-03
1.522740733335198e-02	1.317371027148361e-01	3.820713735134341e-03
1.561122936259645e-02	1.150776618998848e-01	3.323847546083332e-03
1.600472600991005e-02	9.910865945695650e-02	2.945571138834996e-03
1.640814113371585e-02	8.373419927786839e-02	2.563683277845947e-03
1.682172473913229e-02	7.414396066991547e-02	2.293623134287947e-03
1.724573313290685e-02	6.526406936875237e-02	2.064829373050161e-03
1.768042908225490e-02	4.956931276092359e-02	1.673839130420760e-03
1.812608197770222e-02	3.995615712686554e-02	1.436881812307501e-03
1.858296800003218e-02	3.406176680179890e-02	1.266366512726552e-03
1.905137029144099e-02	2.671158158377111e-02	1.072732394005748e-03
1.953157913100706e-02	2.237513876875330e-02	9.433886394010550e-04
2.002389211458322e-02	1.573690145409855e-02	7.576532116997034e-04
2.052861433922340e-02	1.292129540400613e-02	6.643145410406664e-04
2.104605859225787e-02	1.039191774756606e-02	5.734240092790971e-04
2.157654554513432e-02	7.666304236320547e-03	4.746240063491692e-04
2.212040395214498e-02	5.386027964660044e-03	3.877814538191164e-04
2.267797085416274e-02	3.789408198386405e-03	3.132216385126302e-04
2.324959178751277e-02	2.741629672516207e-03	2.671062189336766e-04
2.383562099810882e-02	1.602351994070478e-03	2.014119142284966e-04
2.443642166098715e-02	1.228717807210932e-03	1.744092588524134e-04
2.505236610537399e-02	8.777405831405941e-04	1.493935725084367e-04
2.568383604542605e-02	5.212720923612694e-04	1.207610937366832e-04
2.633122281678706e-02	9.656233735555889e-04	1.547648511352397e-04
2.699492761910700e-02	8.295041523375145e-04	1.485810152646056e-04
2.767536176467421e-02	8.032184003142861e-04	1.403716923916972e-04
2.837294693331458e-02	7.020879836435895e-04	1.301233579954449e-04
2.908811543371571e-02	1.138897216305940e-03	1.608768283498847e-04
2.982131047133795e-02	9.689396948433543e-04	1.476538722099173e-04
3.057298642307849e-02	1.303893008878173e-03	1.455875911061223e-04
3.134360911885861e-02	1.447863139185718e-03	1.442181801018093e-04
3.213365613030856e-02	1.156167404085675e-03	1.231632509309768e-04
3.294361706672912e-02	1.269777130384096e-03	1.252423039125073e-04
3.377399387851309e-02	1.295405858724540e-03	1.248128163716151e-04
3.462530116821489e-02	1.116769783728974e-03	1.087678907455856e-04
3.549806650946091e-02	7.281830900515945e-04	8.549701875987230e-05
3.639283077389839e-02	7.798825388564956e-04	8.719107740593782e-05
3.731014846638528e-02	5.117404793667838e-04	6.707302381112812e-05
3.825058806862898e-02	3.736557718886508e-04	5.694218404129821e-05
3.921473239148685e-02	3.943037311336243e-04	5.683415214017580e-05
4.020317893614667e-02	3.039231604952313e-04	4.829894135804934e-05
4.121654026441118e-02	1.728604986720364e-04	3.729714067500464e-05
4.225544437831592e-02	9.315805425966643e-05	3.006766854685709e-05
4.332053510931575e-02	1.322702396400530e-04	2.964794411340388e-05
4.441247251728116e-02	8.825768046264926e-05	2.476727602409266e-05
4.553193329955176e-02	4.897217390427546e-05	1.961806074219201e-05
4.667961121030026e-02	2.418273605520540e-05	1.478921477154787e-05
4.785621749046708e-02	2.672387679547807e-05	1.374922542854221e-05
4.906248130853180e-02	5.739426149150638e-06	1.081694378820507e-05
5.029915021239465e-02	4.452625694696194e-05	1.535824441492656e-05
5.156699059264827e-02	5.744193184179243e-05	1.635726991983911e-05
5.286678815752657e-02	4.796703427180521e-05	1.504340711953552e-05
5.419934841982518e-02	5.184176547463913e-05	1.446527261303740e-05
5.556549719609530e-02	6.028582372630666e-05	1.449398054589563e-05
5.696608111842008e-02	5.703971963810637e-05	1.419574245905731e-05
5.840196815909098e-02	4.849042281644999e-05	1.217354899125928e-05
5.987404816850903e-02	7.835932074712274e-05	1.494508215983572e-05
6.138323342664446e-02	2.991746172239665e-05	9.637022853834801e-06
6.293045920839646e-02	3.801312482468537e-05	9.791199873201421e-06
6.451668436320329e-02	2.827088351052348e-05	8.972451099459598e-06
6.614289190926220e-02	-1.559566421335310e-05	4.826339565135829e-06
6.781008964272706e-02	1.229956528523424e-06	4.650149461195024e-06
6.951931076226164e-02	1.012572273306635e-05	6.178055670034593e-06
7.127161450933521e-02	-1.191007848778040e-05	4.151824793080069e-06
7.306808682465751e-02	2.420858794104453e-06	4.503189930407548e-06
7.490984102115983e-02	8.302580600579785e-06	4.498220076545444e-06
7.679801847393919e-02	1.124098416091627e-05	4.677395943975517e-06
7.873378932759328e-02	9.032745402591161e-07	3.338225127236429e-06
8.071835322138460e-02	1.154655213371153e-05	4.420174056789853e-06
8.275294003268283e-02	3.502052714892622e-06	3.330683790295503e-06
8.483881063914664e-02	6.565565256436546e-06	3.418015109720627e-06
8.697725770011697e-02	3.797315553729090e-06	3.054283944308358e-06
8.916960645770611e-02	6.057647378794631e-06	3.152131160826343e-06
9.141721555807905e-02	5.621329713877089e-07	2.622014056881286e-06
9.372147789343599e-02	3.588374863130042e-08	2.117016240981217e-06
9.608382146521793e-02	-1.102486059539460e-06	1.934225831252155e-06
9.850571026907021e-02	4.721322019415454e-07	2.183035111991954e-06
1.009886452021124e-01	1.890209733443452e-06	2.439839997210281e-06
1.035341649930769e-01	9.149074048161388e-06	3.495127396683296e-06
1.061438471558923e-01	7.527464947609302e-06	4.133386248075251e-06
1.088193089673038e-01	2.349167415493624e-06	3.585834660471416e-06
1.115622084691336e-01	2.489202015823173e-07	1.789733760098894e-06
1.143742454958066e-01	-1.394316413010470e-06	1.550592136913335e-06
1.172571627277739e-01	-7.715789398605512e-07	1.690102709111816e-06
1.202127467714902e-01	-1.126982834237654e-07	1.552794404023534e-06
1.232428292666124e-01	2.024778938433290e-06	2.184046091623427e-06
1.263492880211066e-01	-4.745674634546423e-07	1.695008935623133e-06
1.295340481749666e-01	1.402258145408696e-06	1.713651637471527e-06
1.327990833932648e-01	-2.124489641012225e-06	1.441422328239196e-06
1.361464170892754e-01	-2.519450692815191e-06	1.341899208717451e-06
1.395781236784277e-01	2.224763914360136e-06	1.698976934674016e-06
1.430963298638661e-01	-5.673724871541075e-07	1.487543990800703e-06
1.467032159544147e-01	1.405410620328058e-06	1.518655590374306e-06
1.504010172157617e-01	2.989247998224240e-07	1.455683451068617e-06
1.541920252557022e-01	-3.281919295667616e-06	1.089177082539225e-06
1.580785894442974e-01	6.315728160758438e-07	1.356595879339578e-06
1.620631183698304e-01	8.831465147342563e-07	1.326925573204694e-06
1.661480813314603e-01	-1.808731540251451e-06	1.134819778689724e-06
1.703360098695011e-01	-8.294542324110983e-07	1.162203653220739e-06
1.746294993342717e-01	-2.762927018822865e-07	1.206799949093966e-06
1.790312104944914e-01	3.074265577615957e-07	1.414095337847440e-06
1.835438711862156e-01	1.826831466109979e-06	1.332458812627652e-06
1.881702780033353e-01	1.534975119294224e-06	1.305501560980408e-06
1.929132980306874e-01	-2.059698019407880e-07	1.251028965093665e-06
1.977758706208489e-01	4.759539157255694e-07	1.354737314939636e-06
2.027610092157180e-01	-1.226823878484050e-07	1.280153491294185e-06
2.078718032140094e-01	7.764413932434464e-07	1.486263916920552e-06
2.131114198858217e-01	2.962710324232583e-06	1.830962050659749e-06
2.184831063354638e-01	2.749738912219180e-06	1.770526475965947e-06
2.239901915137555e-01	-2.742761691686025e-06	1.348308076529407e-06
2.296360882810512e-01	-1.075260124579848e-06	1.532639181693953e-06
2.354242955222634e-01	-4.434663251983093e-07	1.468040793098713e-06
2.413584003151976e-01	5.405806503677512e-09	1.625168234293978e-06
2.474420801535424e-01	2.097097701901546e-06	2.063895938351886e-06
2.536791052258927e-01	7.011165567376457e-07	1.693671098122955e-06
2.600733407522164e-01	-1.466211978042393e-06	1.482530887301914e-06
2.666287493792169e-01	3.358178261070275e-06	2.483816498599874e-06
2.733493936360694e-01	-1.525679744304854e-06	1.497617291592941e-06
2.802394384520601e-01	-2.538880466272767e-06	1.619465725766129e-06
2.873031537376828e-01	-4.060890049894104e-08	2.161704287218436e-06
2.945449170307948e-01	1.205703963442661e-06	2.191940938730686e-06
3.019692162094730e-01	-4.200745823507742e-07	1.794390119538355e-06
3.095806522732490e-01	-7.627384346216813e-07	1.938479118741602e-06
3.173839421944485e-01	1.447061212807889e-06	2.495595538069442e-06
3.253839218414018e-01	3.550839323131857e-06	2.793814427559072e-06
3.327767134221087e-01	-2.942632679630782e-06	3.406296022410917e-07
