6.531822356974684e-03	2.202128350968518e-01	2.696091732082521e-02
6.696071561963170e-03	2.071232491643926e-01	2.094080499924521e-02
6.864450977460295e-03	2.192479705284652e-01	1.817733349397154e-02
7.037064461739512e-03	2.351036314760922e-01	1.632017877515798e-02
7.214018484694414e-03	2.313498043087292e-01	1.487772774307681e-02
7.395422193510540e-03	2.452935166697602e-01	1.369840236065745e-02
7.581387479988555e-03	2.654115828410942e-01	1.301815182979453e-02
7.772029049560347e-03	2.612924348166278e-01	1.183628127726725e-02
7.967464492040593e-03	2.890017182176327e-01	1.162727409273895e-02
8.167814354157445e-03	2.824488045102140e-01	1.066571449839566e-02
8.373202213907090e-03	2.858639030347183e-01	1.004673096997372e-02
8.583754756777997e-03	2.955957708441995e-01	9.519047135426990e-03
8.799601853891935e-03	3.037488097273237e-01	9.089504746542978e-03
9.020876642109902e-03	2.938564201987756e-01	8.474589205533876e-03
9.247715606152399e-03	3.026438448837895e-01	8.044785234326146e-03
9.480258662784707e-03	3.130912720865894e-01	7.791165323579808e-03
9.718649247119092e-03	3.085009439185385e-01	7.235385599453629e-03
9.963034401087149e-03	3.057013310225100e-01	6.875131605236582e-03
1.021356486413688e-02	2.815386469744403e-01	6.254536899396276e-03
1.047039516621047e-02	2.887040116375083e-01	6.015539070808082e-03
1.073368372306000e-02	2.788844751872712e-01	5.566757893004425e-03
1.100359293396007e-02	2.621195760468750e-01	6.557621464745490e-03
1.128028928187743e-02	2.745346045356740e-01	7.600080274364721e-03
1.156394343615951e-02	2.386241145666453e-01	6.206021088295716e-03
1.185473035780518e-02	2.293413449827854e-01	5.869996768565585e-03
1.215282940738255e-02	2.171805484310055e-01	5.442250515683348e-03
1.245842445566060e-02	2.022916652384983e-01	4.919751498016907e-03
1.277170399702264e-02	1.806743062050065e-01	4.350803509349809e-03
1.309286126573177e-02	1.676158653563512e-01	3.998130969693724e-03
1.342209435511986e-02	1.455818421529806e-01	3.422943957210431e-03
1.375960633977370e-02	1.332112021465277e-01	3.118726930932125e-03
1.410560540079365e-02	1.195224131757567e-01	2.776678951416740e-03
1.446030495420201e-02	1.066211100753395e-01	2.481807894326549e-03
1.482392378258037e-02	9.462804892633229e-02	2.193899167787133e-03
1.519668617001714e-02	8.647437652042568e-02	1.990338407780477e-03
1.557882204044839e-02	7.696349465602853e-02	1.744696495883940e-03
1.597056709947751e-02	6.581006917925639e-02	1.530378500491128e-03
1.637216297976097e-02	5.836562046176238e-02	1.359047120637894e-03
1.678385739005004e-02	5.441388984060140e-02	1.258510214230339e-03
1.720590426798024e-02	4.537848309981705e-02	1.076633247809395e-03
1.763856393670287e-02	3.981774878920736e-02	9.465307555929815e-04
1.808210326545520e-02	3.685739657667265e-02	8.709225550303053e-04
1.853679583416833e-02	3.105157846515708e-02	7.571740550243575e-04
1.900292210221433e-02	2.974696089868158e-02	7.069135914501877e-04
1.948076958139661e-02	2.706948658919746e-02	6.465822240627678e-04
1.997063301329042e-02	2.358324229043516e-02	5.778556292864583e-04
2.047281455104262e-02	2.135588878649300e-02	5.282132962249047e-04
2.098762394574313e-02	1.903515093494071e-02	4.791808153872719e-04
2.151537873748279e-02	1.674670741469703e-02	4.327999950258928e-04
2.205640445121553e-02	1.491140422112650e-02	3.944906389051802e-04
2.261103479754580e-02	1.356069846836140e-02	3.630753675696435e-04
2.317961187856489e-02	1.201266601429019e-02	3.350763448988940e-04
2.376248639886328e-02	1.156673678093925e-02	3.239169395811095e-04
2.436001788184909e-02	1.021378449843079e-02	2.990389099943078e-04
2.497257489150607e-02	9.185376592460822e-03	2.783563551696008e-04
2.560053525972789e-02	8.418803249201452e-03	2.649686444252563e-04
2.624428631936900e-02	8.094431761162675e-03	2.574877646860001e-04
2.690422514315586e-02	7.254706210093656e-03	2.441525043067169e-04
2.758075878860566e-02	6.396933420301002e-03	2.289426937060371e-04
2.827430454910393e-02	5.843223403413120e-03	2.124479089375167e-04
2.898529021129570e-02	5.755504563192024e-03	2.071713200822134e-04
2.971415431894894e-02	5.184620493160767e-03	1.935776162806336e-04
3.046134644345323e-02	4.590333537256183e-03	1.678195652073975e-04
3.122732746112031e-02	4.418700929957432e-03	1.605640922374596e-04
3.201256983745764e-02	3.817575890162863e-03	1.431674594399260e-04
3.281755791859035e-02	3.381583265517758e-03	1.305257850825542e-04
3.364278823001123e-02	3.343425840637665e-03	1.270499733722750e-04
3.448876978284308e-02	3.035751153797619e-03	1.165655205328890e-04
3.535602438780246e-02	2.766808444695911e-03	1.076080989610503e-04
3.624508697705814e-02	2.376282082029744e-03	9.780824984739697e-05
3.715650593418324e-02	2.335434494562654e-03	9.470499784947317e-05
3.809084343240422e-02	2.026236943665923e-03	8.531357950881470e-05
3.904867578135546e-02	1.892181909564566e-03	8.111564470684824e-05
4.003059378255341e-02	1.811549321618224e-03	7.737413905391924e-05
4.103720309380951e-02	1.668459378206956e-03	7.291629380117790e-05
4.206912460280644e-02	1.561691270634570e-03	6.912266777680508e-05
4.312699481006861e-02	1.417377254446219e-03	6.439905117645818e-05
4.421146622156260e-02	1.385510582967265e-03	6.246167609333756e-05
4.532320775117001e-02	1.362543008707248e-03	6.130706491021949e-05
4.646290513328093e-02	1.264977343771071e-03	5.885553537328571e-05
4.763126134576241e-02	1.154471727412696e-03	5.531639347905001e-05
4.882899704356296e-02	1.066847878925529e-03	5.178410358167147e-05
5.005685100322040e-02	9.650605985472809e-04	4.839931447984076e-05
5.131558057854738e-02	8.653936843703315e-04	4.738448935444969e-05
5.260596216777552e-02	9.496515469500941e-04	4.886760496439611e-05
5.392879169244641e-02	7.874546822948014e-04	4.294397029052591e-05
5.528488508834467e-02	6.880311957011726e-04	3.818941152395468e-05
5.667507880877618e-02	6.875211686346277e-04	3.804715892843423e-05
5.810023034050167e-02	6.098805511910955e-04	3.374713679709178e-05
5.956121873264392e-02	5.974491228069471e-04	3.291690330466675e-05
6.105894513889499e-02	5.374744751723256e-04	2.981430813742938e-05
6.259433337335765e-02	4.738021508281769e-04	2.645482153553684e-05
6.416833048036411e-02	4.333883411634098e-04	2.467789844330339e-05
6.578190731862334e-02	3.834613399097682e-04	2.236769793854880e-05
6.743605916005743e-02	3.830347722337900e-04	2.153802437555738e-05
6.913180630369624e-02	3.312033930173004e-04	1.941293249307057e-05
7.087019470500899e-02	2.799118710980732e-04	1.669872299872391e-05
7.265229662106115e-02	2.545323884228706e-04	1.572479760120935e-05
7.447921127189436e-02	2.241075493425242e-04	1.389539461938172e-05
7.635206551853740e-02	1.947914423484666e-04	1.246987067306525e-05
7.827201455806655e-02	1.759473975232495e-04	1.128414462571528e-05
8.024024263614368e-02	1.449955922014800e-04	9.787770406924854e-06
8.225796377747216e-02	1.271591538967587e-04	8.731416390879906e-06
8.432642253462047e-02	1.035936669761381e-04	7.548541497134810e-06
8.644689475567605e-02	9.444967510705769e-05	6.977720509718319e-06
8.862068837120227e-02	7.528006630357697e-05	6.022300785755085e-06
9.084914420098453e-02	7.563742544063364e-05	5.755711766379062e-06
9.313363678106247e-02	5.315956387407377e-05	4.782197950436235e-06
9.547557521155906e-02	5.692746130127752e-05	4.691584719504642e-06
9.787640402582892e-02	3.939212999124005e-05	3.848220026224201e-06
1.003376040814624e-01	3.562253317611955e-05	3.541977301403080e-06
1.028606934736949e-01	2.410880672682282e-05	2.929702478000804e-06
1.054472284717844e-01	2.383290519688230e-05	2.893625537225849e-06
1.080988044789359e-01	1.887337537489704e-05	2.671931140118860e-06
1.108170570163632e-01	1.260488501793015e-05	2.166050751450128e-06
1.136036627320967e-01	1.377641802462269e-05	2.225380087351296e-06
1.164603404351580e-01	7.323836243406112e-06	1.854113957805934e-06
1.193888521557405e-01	8.623384846609016e-06	1.965116281308027e-06
1.223910042320487e-01	3.933954687737560e-06	1.736559545881417e-06
1.254686484244678e-01	5.095501376772902e-06	1.807806575200926e-06
1.286236830577495e-01	8.434812471856189e-06	1.857265947209742e-06
1.318580541919196e-01	4.398213207470864e-06	1.585573920474695e-06
1.351737568226297e-01	5.630019517532896e-06	1.671987463834390e-06
1.385728361116915e-01	4.840184823661320e-06	1.511708205957656e-06
1.420573886485561e-01	4.423627218876826e-06	1.479914891537669e-06
1.456295637435127e-01	2.736986573607828e-06	1.325186786155767e-06
1.492915647534071e-01	5.014671075142678e-06	1.450210101229194e-06
1.530456504406962e-01	1.553433905288427e-06	1.214533759691006e-06
1.568941363666780e-01	2.738905753887584e-06	1.309639936206185e-06
1.608393963197545e-01	1.487555763374707e-06	1.251377784796029e-06
1.648838637796110e-01	4.324258478300429e-06	1.273959238493645e-06
1.690300334182132e-01	1.228277735840108e-06	1.159804211654960e-06
1.732804626385475e-01	3.087677523389178e-06	1.240474428681891e-06
1.776377731520564e-01	3.497093411482395e-07	9.932506796577738e-07
1.821046525957380e-01	1.266042871403585e-06	1.098575919114549e-06
1.866838561899105e-01	8.899169227579667e-07	1.028994917993562e-06
1.913782084376620e-01	2.478812883844403e-06	1.156118269277122e-06
1.961906048670354e-01	2.005409141611315e-06	1.162234032927814e-06
2.011240138170219e-01	6.819628860850299e-07	1.126673982869601e-06
2.061814782684647e-01	-8.665769636029248e-08	1.092248450661128e-06
2.113661177210036e-01	7.464351304888396e-07	1.096122601568007e-06
2.166811301172159e-01	3.008809344417275e-06	1.470216288046170e-06
2.221297938151434e-01	1.987297628197551e-06	1.389802868660120e-06
2.277154696104190e-01	4.262270230123402e-07	1.236873880517377e-06
2.334416028092426e-01	-8.829404501075600e-07	1.258893960465234e-06
2.393117253534839e-01	3.898999906648440e-06	1.700482925698359e-06
2.453294579992226e-01	3.867872673118654e-06	1.786113652484292e-06
2.514985125500711e-01	-2.093091781229531e-07	1.486934517296537e-06
2.578226941466552e-01	-3.912798134425545e-07	1.554304698589723e-06
2.643059036136669e-01	6.379008726220123e-06	2.390863357041588e-06
2.709521398659362e-01	9.321283735256087e-07	1.720717956949720e-06
2.777655023750051e-01	-1.044298015488737e-06	1.631126234100924e-06
2.847501936977269e-01	2.321607823507626e-06	1.937740884083460e-06
2.919105220684499e-01	4.337639393191252e-07	1.757400875042904e-06
2.992509040563832e-01	1.012296563761539e-06	1.976587538343272e-06
3.067758672897850e-01	-8.000446649432569e-07	1.751255623304676e-06
3.144900532486540e-01	3.366738952168855e-06	2.057810795753340e-06
3.223982201276446e-01	-3.374276839583866e-07	1.022338388135219e-06
3.312605658488085e-01	-1.201684115099517e-06	1.752629648700389e-06
