6.531919117736974e-03	9.000574871430043e-01	6.963371542142506e-02
6.696366713445120e-03	9.536918695946056e-01	4.361739465210030e-02
6.864954441822814e-03	8.235150620386769e-01	3.524091402917212e-02
7.037786534850146e-03	8.041015463743248e-01	2.988508320774324e-02
7.214969848651533e-03	8.637399979071699e-01	2.883033138976597e-02
7.396613929561183e-03	8.872008020047082e-01	2.669617248523386e-02
7.582831081851815e-03	8.788957667887402e-01	2.411634274649438e-02
7.773736437168517e-03	8.911148274561644e-01	2.247193233015125e-02
7.969448025710674e-03	8.734655493831726e-01	2.068626126623210e-02
8.170086849205966e-03	9.423395292355184e-01	2.033939575872119e-02
8.375776955721575e-03	9.420649187698463e-01	1.909722987214721e-02
8.586645516358821e-03	9.018816233040957e-01	1.729403304083041e-02
8.802822903878670e-03	9.306690112739027e-01	1.668538854001358e-02
9.024442773306718e-03	9.405914910246683e-01	1.593402666636070e-02
9.251642144567487e-03	9.676998272504327e-01	1.518296294125706e-02
9.484561487199120e-03	9.567479086101395e-01	1.435309269644425e-02
9.723344807200844e-03	9.379134348419854e-01	1.329718461616472e-02
9.968139736066932e-03	9.207553464001796e-01	1.260733538669760e-02
1.021909762206215e-02	8.426272662551301e-01	1.131416956458856e-02
1.047637362379519e-02	7.906810470279084e-01	1.038725085597335e-02
1.074012680614786e-02	7.304986119111145e-01	9.336946603888212e-03
1.101052023861944e-02	6.965989992200529e-01	1.390221406904020e-02
1.128772109614692e-02	6.971313398743078e-01	1.622616890347038e-02
1.157190076246351e-02	6.007470509946485e-01	1.311494887082890e-02
1.186323493605930e-02	5.616471460606940e-01	1.199088726035827e-02
1.216190373880953e-02	5.251971609982310e-01	1.096570880825809e-02
1.246809182733779e-02	4.886253935712070e-01	9.848081549456078e-03
1.278198850718285e-02	4.360529399195890e-01	8.574327808198516e-03
1.310378784983969e-02	3.868695343222056e-01	7.587286553418864e-03
1.343368881274725e-02	3.316569673246976e-01	6.306727179665380e-03
1.377189536229697e-02	2.869493813838266e-01	5.403615250548922e-03
1.411861659993816e-02	2.389995989338382e-01	4.511779518696806e-03
1.447406689145821e-02	2.086248795627918e-01	3.933963631488249e-03
1.483846599951756e-02	1.717918907035354e-01	3.246996514375264e-03
1.521203921952141e-02	1.417039081041253e-01	2.733759433911740e-03
1.559501751891208e-02	1.114591032362317e-01	2.184651127371105e-03
1.598763767996821e-02	8.786811944353848e-02	1.801317810908919e-03
1.639014244619909e-02	6.592464463358393e-02	1.434217468308487e-03
1.680278067242460e-02	5.151791067743525e-02	1.184911437089038e-03
1.722580747863356e-02	3.609961578156525e-02	9.250449136302897e-04
1.765948440771564e-02	2.518082456815765e-02	7.136460463583416e-04
1.810407958716429e-02	1.796102302085830e-02	5.710276955212203e-04
1.855986789485074e-02	1.211489432348296e-02	4.444573455513545e-04
1.902713112897150e-02	7.370091244433614e-03	3.295871596077266e-04
1.950615818227449e-02	5.440450274618301e-03	2.734809873943921e-04
1.999724522067143e-02	3.523617231541220e-03	2.130663299889471e-04
2.050069586634706e-02	3.367814397738336e-03	2.004466143927087e-04
2.101682138547821e-02	3.133856305394578e-03	1.875342719556425e-04
2.154594088067901e-02	2.948405472151091e-03	1.755120920530211e-04
2.208838148829098e-02	3.320465508905559e-03	1.819532554138967e-04
2.264447858064020e-02	3.916459808424515e-03	1.891628689914697e-04
2.321457597338639e-02	4.239427440787536e-03	1.947761238536823e-04
2.379902613809237e-02	4.470892559224025e-03	1.958144215526866e-04
2.439819042014498e-02	4.440027063529304e-03	1.928668054500351e-04
2.501243926216255e-02	4.626455450652496e-03	1.948043370019043e-04
2.564215243302676e-02	4.332376278555057e-03	1.869761277866014e-04
2.628771926268064e-02	4.430657522765002e-03	1.886673026183007e-04
2.694953888283789e-02	3.634273110056755e-03	1.710825148934604e-04
2.762802047375221e-02	3.019356797073736e-03	1.545318055489645e-04
2.832358351719940e-02	2.269564373560610e-03	1.318518034495664e-04
2.903665805582841e-02	2.160162970118612e-03	1.275663811984366e-04
2.976768495904195e-02	1.564093192319703e-03	1.067362008744385e-04
3.051711619557079e-02	1.189443151889943e-03	8.487469336014667e-05
3.128541511291048e-02	8.878648058259237e-04	7.261052598147369e-05
3.207305672379311e-02	4.947252857720669e-04	5.303563182440987e-05
3.288052799987133e-02	3.907003577993032e-04	4.651834918991639e-05
3.370832817279609e-02	2.263977724681412e-04	3.730456047883642e-05
3.455696904287441e-02	2.294856338463157e-04	3.408509197121488e-05
3.542697529549781e-02	2.562178086836973e-04	3.623564749537494e-05
3.631888482553727e-02	1.951966439828343e-04	2.991623445228248e-05
3.723324906990499e-02	2.969812029334100e-04	3.427235615798721e-05
3.817063334848891e-02	3.086634293166893e-04	3.484691442333149e-05
3.913161721367048e-02	2.991908452732529e-04	3.272433122192198e-05
4.011679480864185e-02	3.397353963497618e-04	3.330166038145883e-05
4.112677523474421e-02	3.075428077757300e-04	3.160250831456541e-05
4.216218292805413e-02	2.694466672771364e-04	2.880296241278816e-05
4.322365804545081e-02	2.331715399120829e-04	2.609616508041265e-05
4.431185686040308e-02	1.961941892652382e-04	2.377317920940530e-05
4.542745216872059e-02	1.478633647803942e-04	1.951019569291658e-05
4.657113370452030e-02	5.015504628195631e-05	1.224110036918442e-05
4.774360856666530e-02	6.335565991327433e-05	1.263565216016344e-05
4.894560165593967e-02	5.391695999581248e-05	1.137826519339942e-05
5.017785612322961e-02	2.983284051872619e-05	8.587385007097591e-06
5.144113382898804e-02	3.939668710712041e-05	9.380093239345688e-06
5.273621581426664e-02	5.341222340497381e-05	1.031081391307936e-05
5.406390278360662e-02	3.703875967297027e-05	8.428478607014363e-06
5.542501560008670e-02	4.037249796016839e-05	8.408825926673145e-06
5.682039579283449e-02	5.951347948621850e-05	9.669593755559796e-06
5.825090607731488e-02	4.188612868351130e-05	7.884173033505135e-06
5.971743088871737e-02	3.369237026203092e-05	7.080687359843311e-06
6.122087692877172e-02	3.560217623196326e-05	6.927014570426014e-06
6.276217372633047e-02	1.701648557393596e-05	4.785403061746499e-06
6.434227421206457e-02	1.138994783203378e-05	4.593991548275285e-06
6.596215530762750e-02	1.098401035224232e-05	4.033969834550927e-06
6.762281852965232e-02	1.451084969404573e-05	4.255518814928648e-06
6.932529060895486e-02	1.556196060682423e-05	4.009825786970370e-06
7.107062412532590e-02	1.425635815420281e-05	3.648362021692509e-06
7.285989815830510e-02	9.708455576476106e-06	3.290147226427830e-06
7.469421895433859e-02	1.105661379999962e-05	3.129691414545729e-06
7.657472061073302e-02	6.420317431742798e-06	2.571668703288922e-06
7.850256577682883e-02	9.332735196472759e-06	2.694684800379232e-06
8.047894637282628e-02	2.087708099378026e-06	1.907614756155496e-06
8.250508432670856e-02	8.111310556967625e-06	2.333045487031810e-06
8.458223232971777e-02	4.229082094649054e-06	1.883730197736702e-06
8.671167461085075e-02	4.659708408105950e-06	1.877664587200989e-06
8.889472773085354e-02	2.269452032033643e-06	1.500904822487588e-06
9.113274139620550e-02	2.063653354754046e-06	1.381088313066256e-06
9.342709929359638e-02	2.215132920776434e-06	1.425063238521012e-06
9.577921994541197e-02	2.675632777271378e-06	1.328329968512906e-06
9.819055758675765e-02	2.384681745996521e-06	1.260973380375813e-06
1.006626030645619e-01	2.246382767179457e-06	1.311564915261277e-06
1.031968847593153e-01	3.787820450245230e-06	1.296198658137181e-06
1.057949695300158e-01	-8.911760636521850e-08	9.978370570361699e-07
1.084584636829035e-01	2.535139660239729e-06	1.114195969118757e-06
1.111890139645843e-01	9.311949508248240e-07	1.080688156073428e-06
1.139883085801566e-01	1.669398162307081e-06	1.017712025931943e-06
1.168580782369707e-01	2.230367488310083e-06	1.099168710983628e-06
1.198000972146646e-01	2.089094408227753e-06	1.096344463589398e-06
1.228161844621410e-01	7.586815873748524e-07	1.007837194021228e-06
1.259082047221599e-01	1.103386609330570e-07	9.186117661713523e-07
1.290780696842450e-01	1.225100574643198e-06	9.578272478797104e-07
1.323277391666156e-01	1.041006907114359e-06	9.669115065772157e-07
1.356592223278743e-01	3.409752364805114e-07	8.797714386242094e-07
1.390745789092008e-01	1.747612333092226e-06	9.076541833021735e-07
1.425759205078188e-01	1.951905691410300e-06	9.600294467880691e-07
1.461654118825237e-01	2.076639377643375e-06	9.519787330209009e-07
1.498452722920781e-01	-4.753470775909215e-08	8.068827392519384e-07
1.536177768673034e-01	1.963923847071882e-06	8.829360446358396e-07
1.574852580177147e-01	-6.850715876537704e-07	7.240393263070484e-07
1.614501068735687e-01	6.765992589524858e-07	8.085020475984797e-07
1.655147747642176e-01	2.510025124481032e-06	8.778454063848764e-07
1.696817747336816e-01	3.983526736281899e-07	7.981336289676383e-07
1.739536830943768e-01	1.249402408243523e-06	8.216098833753855e-07
1.783331410199608e-01	1.543796718473294e-08	7.084835177890324e-07
1.828228561782793e-01	-7.491040516100196e-07	6.364741446307830e-07
1.874256044054237e-01	1.577009688820465e-06	8.084390267960498e-07
1.921442314219346e-01	1.455979652745352e-06	8.287542851421599e-07
1.969816545922132e-01	1.926919874829326e-06	8.278025656489043e-07
2.019408647282268e-01	-1.824531136271936e-07	7.293775617852843e-07
2.070249279386246e-01	3.071666476891080e-07	7.695615777094071e-07
2.122369875244074e-01	1.336093617254703e-07	7.505219382837752e-07
2.175802659223219e-01	2.279486932183607e-06	1.008605820642792e-06
2.230580666971823e-01	2.260384454952012e-06	1.021500606151983e-06
2.286737765843506e-01	-5.078294954708181e-07	9.184897554941251e-07
2.344308675836382e-01	1.676927917378474e-06	1.076173400566301e-06
2.403328991059238e-01	7.115289688984442e-08	1.006988778909152e-06
2.463835201738146e-01	4.828941246262821e-07	1.145228852420451e-06
2.525864716777105e-01	1.142574711154037e-06	1.157379145078810e-06
2.589455886886686e-01	-1.624125055334079e-07	1.123088105394799e-06
2.654648028294945e-01	-1.485197445999970e-06	8.797513183851670e-07
2.721481447055299e-01	1.670402353788227e-07	1.228484025007539e-06
2.789997463966363e-01	-9.005478247170847e-07	9.419232811550166e-07
2.860238440119180e-01	-6.982566250988600e-07	1.112821656540509e-06
2.932247803087621e-01	9.185532598088889e-07	1.364495694988128e-06
3.006070073778155e-01	1.139933816511332e-06	1.483821138538807e-06
3.081750893955594e-01	2.736618185458130e-06	1.697738165312958e-06
3.159337054461820e-01	-2.482860743620936e-06	5.759806573290813e-07
3.238876524144951e-01	-7.231132753892655e-07	9.487280335370821e-07
3.320168982168070e-01	-1.356952644123243e-06	1.433115928856214e-06
