6.532015878499265e-03	1.110595505838299e+00	1.087524710370642e-01
6.696661870732718e-03	1.018094029738572e+00	5.410519999385936e-02
6.865457929846407e-03	1.014325200320289e+00	4.619388978232299e-02
7.038508662426115e-03	9.143068346228147e-01	3.710528064862718e-02
7.215921311771227e-03	8.892716581867125e-01	3.361523816118646e-02
7.397805824355733e-03	8.834390632493638e-01	3.055847744355383e-02
7.584274917964443e-03	8.630848600360385e-01	2.722552316481467e-02
7.775444151546655e-03	8.390544408330144e-01	2.483740176167807e-02
7.971431996830539e-03	9.017588674205779e-01	2.420189715335416e-02
8.172359911742651e-03	9.155354798792854e-01	2.292341685065103e-02
8.378352415678036e-03	8.991521233276129e-01	2.119942489940773e-02
8.589537166667615e-03	8.840958062838407e-01	1.950391663078644e-02
8.806045040490639e-03	8.791015511209320e-01	1.847108763152249e-02
9.028010211781245e-03	8.656323095745186e-01	1.731988642029196e-02
9.255570237179402e-03	8.714984392592579e-01	1.635892144021528e-02
9.488866140577746e-03	8.781284919237388e-01	1.565417379495330e-02
9.728042500517150e-03	8.394709521394910e-01	1.431641591798729e-02
9.973247539785185e-03	7.647517290289627e-01	1.297731583011796e-02
1.022463321727301e-02	6.902645497596116e-01	1.161692218068338e-02
1.048235532214759e-02	6.053156809269465e-01	1.026504992944442e-02
1.074657357039764e-02	5.606667972670246e-01	9.281927448689385e-03
1.101745170381309e-02	4.973743219612309e-01	1.149463801000832e-02
1.129515759145940e-02	4.889297434756154e-01	1.267244078974302e-02
1.157986333370973e-02	4.235581047953144e-01	1.040376896059360e-02
1.187174536889921e-02	3.913461638089310e-01	9.438651300140443e-03
1.217098458266769e-02	3.674318001178788e-01	8.802287951163891e-03
1.247776642005841e-02	3.241859054978671e-01	7.578713154411814e-03
1.279228100044240e-02	2.902298726366064e-01	6.683196626238407e-03
1.311472323533955e-02	2.605136617298613e-01	6.000556134837403e-03
1.344529294920952e-02	2.261328247282545e-01	5.110784933401628e-03
1.378419500328729e-02	2.097090767644589e-01	4.683584566843664e-03
1.413163942254015e-02	1.780507924827832e-01	4.041413884969100e-03
1.448784152582470e-02	1.582630492025874e-01	3.573535846170855e-03
1.485302205932464e-02	1.411309036395123e-01	3.174581904483188e-03
1.522740733335198e-02	1.207886167909270e-01	2.770437632079243e-03
1.561122936259645e-02	1.020866335405879e-01	2.351302324442781e-03
1.600472600991005e-02	8.663282193415123e-02	2.039192539009472e-03
1.640814113371585e-02	7.134848768023369e-02	1.749014484392354e-03
1.682172473913229e-02	6.026620766798141e-02	1.518816613255967e-03
1.724573313290685e-02	4.956011030163593e-02	1.297539535187055e-03
1.768042908225490e-02	3.898985561536612e-02	1.074158370858935e-03
1.812608197770222e-02	3.191805077862806e-02	9.262079976733391e-04
1.858296800003218e-02	2.460193434979698e-02	7.714163661820532e-04
1.905137029144099e-02	1.984051355596373e-02	6.592290904911777e-04
1.953157913100706e-02	1.412678913465943e-02	5.316683207839521e-04
2.002389211458322e-02	1.171374588899619e-02	4.654157600575013e-04
2.052861433922340e-02	7.713842196299536e-03	3.649258342584406e-04
2.104605859225787e-02	5.186341053507348e-03	2.878350999526039e-04
2.157654554513432e-02	4.272177396378922e-03	2.514106886629416e-04
2.212040395214498e-02	3.258001409682213e-03	2.133314241325585e-04
2.267797085416274e-02	2.240176088603496e-03	1.728972618050021e-04
2.324959178751277e-02	1.885189785768169e-03	1.576567099791215e-04
2.383562099810882e-02	1.372352277708655e-03	1.320792923771696e-04
2.443642166098715e-02	1.554234820324618e-03	1.379659263026585e-04
2.505236610537399e-02	1.344434710718395e-03	1.281533504305398e-04
2.568383604542605e-02	1.672848118004271e-03	1.417078573946998e-04
2.633122281678706e-02	1.588334130648705e-03	1.380043723612233e-04
2.699492761910700e-02	1.721077322220496e-03	1.446923746338638e-04
2.767536176467421e-02	1.743389750904704e-03	1.435470205662081e-04
2.837294693331458e-02	1.933364150294161e-03	1.457454581044031e-04
2.908811543371571e-02	1.972319483016871e-03	1.461279207824338e-04
2.982131047133795e-02	1.728739099215262e-03	1.357617643024528e-04
3.057298642307849e-02	1.766735043123110e-03	1.151809410230373e-04
3.134360911885861e-02	1.660577729252357e-03	1.060012976185270e-04
3.213365613030856e-02	1.336836707328696e-03	9.020770680922612e-05
3.294361706672912e-02	1.313876172748792e-03	8.675806638579867e-05
3.377399387851309e-02	1.226886080601230e-03	8.175107474173550e-05
3.462530116821489e-02	8.995276480714976e-04	6.663565537976246e-05
3.549806650946091e-02	6.372617193105074e-04	5.399096680523373e-05
3.639283077389839e-02	5.273893815000916e-04	4.663781503106984e-05
3.731014846638528e-02	4.350687881119871e-04	4.142265091686199e-05
3.825058806862898e-02	2.298300894634069e-04	2.975121595210777e-05
3.921473239148685e-02	2.017154296380464e-04	2.555949462478069e-05
4.020317893614667e-02	1.395268319915097e-04	2.174061478029510e-05
4.121654026441118e-02	9.950858559345841e-05	1.747397263176875e-05
4.225544437831592e-02	6.504588854519674e-05	1.456977642168715e-05
4.332053510931575e-02	5.721507696989838e-05	1.354079501295520e-05
4.441247251728116e-02	9.842740340001478e-05	1.636519340154794e-05
4.553193329955176e-02	1.188771016897058e-04	1.720783265555954e-05
4.667961121030026e-02	1.248479306771831e-04	1.614381884287493e-05
4.785621749046708e-02	1.209044300825615e-04	1.568416281182344e-05
4.906248130853180e-02	1.474130878791681e-04	1.658581941126728e-05
5.029915021239465e-02	1.330320796765659e-04	1.522399602241556e-05
5.156699059264827e-02	1.302230669692799e-04	1.493472459935106e-05
5.286678815752657e-02	1.267907542671711e-04	1.450579329588624e-05
5.419934841982518e-02	1.079446721363783e-04	1.269374728579674e-05
5.556549719609530e-02	6.493540414319298e-05	9.455162410556929e-06
5.696608111842008e-02	4.977875818976821e-05	8.266324517630419e-06
5.840196815909098e-02	2.632960395465540e-05	6.380405196676649e-06
5.987404816850903e-02	1.259286585856320e-05	5.183783009352306e-06
6.138323342664446e-02	1.053146170409029e-05	4.604486524183951e-06
6.293045920839646e-02	2.265620022537137e-05	5.004892144362599e-06
6.451668436320329e-02	-2.627581571329467e-05	4.366032561166310e-06
6.614289190926220e-02	2.554011772244527e-05	4.792669016522586e-06
6.781008964272706e-02	2.176813264359914e-05	4.405513937581627e-06
6.951931076226164e-02	1.921168565637715e-05	4.141315033291126e-06
7.127161450933521e-02	2.561642415474982e-05	4.295052670453276e-06
7.306808682465751e-02	2.502539110156294e-05	4.147689477966087e-06
7.490984102115983e-02	1.739215338702829e-05	3.451030530155182e-06
7.679801847393919e-02	1.624647223691228e-05	3.122856447988510e-06
7.873378932759328e-02	6.034585281320235e-06	2.362493477861559e-06
8.071835322138460e-02	8.851939753157010e-06	2.387149472179339e-06
8.275294003268283e-02	4.663394964796156e-06	1.929258850521845e-06
8.483881063914664e-02	7.533600186907460e-06	2.010430137193911e-06
8.697725770011697e-02	5.208045532151175e-06	1.800325482874307e-06
8.916960645770611e-02	7.545436761621740e-06	1.840558491658719e-06
9.141721555807905e-02	4.095462040763348e-06	1.576484313200954e-06
9.372147789343599e-02	3.798705433074229e-06	1.483763619416777e-06
9.608382146521793e-02	2.486608422467569e-06	1.356293988477176e-06
9.850571026907021e-02	3.177561431420451e-06	1.379154878614302e-06
1.009886452021124e-01	3.116050723553865e-06	1.353189306283599e-06
1.035341649930769e-01	1.041635429107463e-05	2.091098853352447e-06
1.061438471558923e-01	2.105875310963598e-06	2.223414732117304e-06
1.088193089673038e-01	2.573876700888171e-07	1.920090296426170e-06
1.115622084691336e-01	7.402181288286362e-07	9.230128168675069e-07
1.143742454958066e-01	1.614315497554710e-06	1.033604891560640e-06
1.172571627277739e-01	1.249233122014342e-06	1.051180736768107e-06
1.202127467714902e-01	1.053493634558930e-06	1.016733143836162e-06
1.232428292666124e-01	1.635469680401111e-06	1.140334660462903e-06
1.263492880211066e-01	1.793896958651891e-06	1.006196553754014e-06
1.295340481749666e-01	2.157613463107413e-06	9.789639468598085e-07
1.327990833932648e-01	1.550729061514472e-06	9.158249712524541e-07
1.361464170892754e-01	-2.165892791251537e-07	7.867325115805249e-07
1.395781236784277e-01	1.890693044629046e-07	8.427757315866665e-07
1.430963298638661e-01	1.081406929275698e-06	8.763633704122332e-07
1.467032159544147e-01	1.378591933918456e-07	7.663127536464399e-07
1.504010172157617e-01	5.904044202667454e-08	7.674159831858377e-07
1.541920252557022e-01	-3.973961218927027e-07	7.578006316005185e-07
1.580785894442974e-01	4.355330841699014e-07	7.421138699087106e-07
1.620631183698304e-01	-8.271334266825623e-07	6.659991885451959e-07
1.661480813314603e-01	5.965587335874692e-07	7.068571139728863e-07
1.703360098695011e-01	5.777815730913860e-07	7.520794082636212e-07
1.746294993342717e-01	-1.561318500166968e-07	6.887284801867299e-07
1.790312104944914e-01	1.027236680553587e-06	7.418544152469184e-07
1.835438711862156e-01	6.712896919987968e-08	6.621043274457459e-07
1.881702780033353e-01	1.839547036941830e-06	7.768141909899874e-07
1.929132980306874e-01	-1.160700586668124e-06	6.145564823764003e-07
1.977758706208489e-01	9.388391920538386e-08	7.007112243923313e-07
2.027610092157180e-01	-1.306043027556328e-07	7.260177933614762e-07
2.078718032140094e-01	5.381634141554433e-07	8.108630352895326e-07
2.131114198858217e-01	6.040107496914201e-07	8.488745171600080e-07
2.184831063354638e-01	-1.654491569367740e-06	7.125820961284354e-07
2.239901915137555e-01	4.218641753110007e-07	7.552695605145752e-07
2.296360882810512e-01	-1.914123921859618e-07	8.356237715040663e-07
2.354242955222634e-01	1.283321128032211e-06	9.558891220714984e-07
2.413584003151976e-01	-2.164423508514842e-06	7.300698964252516e-07
2.474420801535424e-01	5.476794223591558e-07	9.516371092757299e-07
2.536791052258927e-01	1.824660367514507e-07	9.348654526487416e-07
2.600733407522164e-01	-8.285796180840518e-07	8.959618545943426e-07
2.666287493792169e-01	-9.397830584548235e-07	9.834562921638816e-07
2.733493936360694e-01	-3.096208042970252e-07	1.082976432253182e-06
2.802394384520601e-01	-1.292132245520033e-06	8.549141940610777e-07
2.873031537376828e-01	9.501607396443615e-07	1.160440020032658e-06
2.945449170307948e-01	-7.451348903110899e-07	9.319071470412563e-07
3.019692162094730e-01	2.131398635327013e-06	1.359928116552246e-06
3.095806522732490e-01	-4.651036353032098e-07	9.825360717302250e-07
3.173839421944485e-01	-8.130006736338826e-07	8.824273634350982e-07
3.253839218414018e-01	1.115770706054039e-07	1.115569277570921e-06
3.327767134221087e-01	1.123968797064524e-08	1.488224546621926e-06
