6.531728821571136e-03	8.877602788190061e-01	8.312249108106629e-02
6.695786254382539e-03	9.593377287441176e-01	6.685099407657542e-02
6.863964317733865e-03	9.257052955625794e-01	5.787640650507584e-02
7.036366509502387e-03	9.841016335996471e-01	5.291490006781224e-02
7.213098927121558e-03	1.001166044118420e+00	4.877963606618476e-02
7.394270332874070e-03	9.292418996639676e-01	4.180365570002807e-02
7.579992220824869e-03	9.220208362635319e-01	3.794006939991685e-02
7.770378885435327e-03	9.232675863310296e-01	3.569673429931497e-02
7.965547491900805e-03	9.283477731373273e-01	3.306493180581775e-02
8.165618148254878e-03	8.999513013802181e-01	3.032675303977035e-02
8.370713979284596e-03	8.855482117607999e-01	2.810468210695076e-02
8.580961202302288e-03	8.955825050704517e-01	2.646380083969660e-02
8.796489204820514e-03	8.688420006101806e-01	2.462350994028883e-02
9.017430624177990e-03	9.115317875503282e-01	2.395899675192595e-02
9.243921429165469e-03	8.954955696276548e-01	2.239398751141533e-02
9.476101003701819e-03	8.970962503563531e-01	2.132902642961361e-02
9.714112232611798e-03	8.192302202615207e-01	1.902799253008212e-02
9.958101589558309e-03	7.913691011179755e-01	1.798511687653982e-02
1.020821922718325e-02	7.034687755469431e-01	1.598966442951533e-02
1.046461906951241e-02	6.489764775680843e-01	1.462344163944184e-02
1.072745890668135e-02	5.742883823891990e-01	1.293802358742536e-02
1.099690049204046e-02	4.966928534691817e-01	1.369696069263989e-02
1.127310964169904e-02	5.186915867233456e-01	1.555032458667095e-02
1.155625633656960e-02	4.213519237059344e-01	1.227785927042552e-02
1.184651482697522e-02	4.081828607161100e-01	1.175114199731325e-02
1.214406373988436e-02	3.841154381594023e-01	1.096310808711429e-02
1.244908618883903e-02	3.593693549334715e-01	9.908078948332051e-03
1.276176988664410e-02	3.099922132972984e-01	8.619454405469705e-03
1.308230726088694e-02	2.897784075833779e-01	8.055331285491093e-03
1.341089557235864e-02	2.500560046853281e-01	6.866849990639582e-03
1.374773703644957e-02	2.190900968130430e-01	6.169708268040985e-03
1.409303894759407e-02	1.984365291523724e-01	5.497395705830294e-03
1.444701380684079e-02	1.754050804729833e-01	4.957329549127647e-03
1.480987945262721e-02	1.513299249760775e-01	4.324603913310456e-03
1.518185919483885e-02	1.324411317828075e-01	3.867710254331806e-03
1.556318195223562e-02	1.059562936729943e-01	3.190196435200650e-03
1.595408239332992e-02	9.197463126153935e-02	2.852408696091509e-03
1.635480108080319e-02	7.608629166837884e-02	2.446609435793448e-03
1.676558461954972e-02	6.392307911870858e-02	2.154589585129192e-03
1.718668580843895e-02	5.507874981672340e-02	1.886478851074781e-03
1.761836379588951e-02	4.430287066736762e-02	1.593263455516301e-03
1.806088423935087e-02	3.755629267502501e-02	1.406588351010047e-03
1.851451946879065e-02	2.721045543708375e-02	1.141648853959285e-03
1.897954865428826e-02	2.310915421718426e-02	1.002184174053695e-03
1.945625797783802e-02	1.691159869819792e-02	8.275142307495740e-04
1.994494080946738e-02	1.198373368017902e-02	6.687840815719061e-04
2.044589788777877e-02	9.116198410441801e-03	5.628079316975774e-04
2.095943750502612e-02	7.313138946770928e-03	4.867939607184610e-04
2.148587569683985e-02	4.347572664763239e-03	3.619225208586331e-04
2.202553643671738e-02	3.449189680031809e-03	3.146623781479338e-04
2.257875183539841e-02	2.239268714457410e-03	2.487219399546486e-04
2.314586234524811e-02	1.684263966108552e-03	2.099734458547932e-04
2.372721696977371e-02	7.983047797342222e-04	1.522892718066219e-04
2.432317347840351e-02	9.472066549754465e-04	1.577609408081115e-04
2.493409862666058e-02	1.233346604796773e-03	1.742367826184391e-04
2.556036838186641e-02	1.195157870936835e-03	1.703851400981682e-04
2.620236815451375e-02	9.101519277831538e-04	1.525000891276374e-04
2.686049303545067e-02	1.317975835216392e-03	1.799192312307235e-04
2.753514803902209e-02	1.474321289706600e-03	1.920432174356330e-04
2.822674835231821e-02	1.537305078736645e-03	1.909495882077726e-04
2.893571959068338e-02	1.354751002221263e-03	1.753369658236455e-04
2.966249805964257e-02	1.897127558539491e-03	1.991332588964343e-04
3.040753102340661e-02	1.387430111529939e-03	1.462519585482372e-04
3.117127698012152e-02	1.470744225435479e-03	1.505804333560176e-04
3.195420594403123e-02	1.345383415487208e-03	1.367820315986404e-04
3.275679973472747e-02	1.455517264906127e-03	1.356243737908867e-04
3.357955227366462e-02	1.220882608256502e-03	1.222118634843969e-04
3.442296988812225e-02	8.539060562886544e-04	9.568984653514976e-05
3.528757162280223e-02	6.512678391598616e-04	8.274861151930922e-05
3.617388955925215e-02	5.430111118599851e-04	7.264329971894457e-05
3.708246914331189e-02	4.251137772237887e-04	6.135583020130302e-05
3.801386952078446e-02	3.397830760280364e-04	5.474076635784859e-05
3.896866388153800e-02	2.399022605882074e-04	4.586936914373141e-05
3.994743981225059e-02	1.158258526740881e-04	3.289884937570801e-05
4.095079965801489e-02	5.424700699911945e-05	2.393509955884228e-05
4.197936089302524e-02	6.463403756858967e-05	2.335857084106454e-05
4.303375650057536e-02	2.593557609660477e-05	1.819676874786383e-05
4.411463536260031e-02	1.324447044341474e-05	1.352098515026248e-05
4.522266265900274e-02	8.551177994233992e-05	2.199953496701698e-05
4.635852027700892e-02	4.747085959042956e-05	1.725896165493836e-05
4.752290723080654e-02	3.902332129832460e-05	1.753395328932706e-05
4.871654009172271e-02	4.163509508991103e-05	1.455965203753475e-05
4.994015342920650e-02	7.538451286310189e-05	1.858365653997940e-05
5.119450026288788e-02	5.080898079704943e-05	1.598865214330611e-05
5.248035252599084e-02	7.306899210848056e-05	1.683856387818822e-05
5.379850154038615e-02	4.371365776626728e-05	1.447781719896269e-05
5.514975850357603e-02	5.250041830126291e-05	1.391174809474353e-05
5.653495498791035e-02	7.009561334747098e-05	1.519655375061266e-05
5.795494345234169e-02	1.905808900300671e-05	9.938858797154037e-06
5.941059776703415e-02	3.482610546724094e-06	7.246621242666873e-06
6.090281375114875e-02	8.998622519238848e-06	6.462339174978381e-06
6.243250972413636e-02	1.970140856028905e-05	7.361798904158282e-06
6.400062707087749e-02	1.769219774295593e-05	7.478898499329724e-06
6.560813082101671e-02	4.667221551252137e-06	5.071935602237597e-06
6.725601024284819e-02	2.005637182849967e-05	6.763286775157501e-06
6.894527945211781e-02	1.038679555217537e-05	5.659248208611611e-06
7.067697803611667e-02	1.846628570750547e-05	6.047881775130479e-06
7.245217169344981e-02	1.441557354140320e-06	4.692327607783715e-06
7.427195288987418e-02	8.344297430944020e-06	4.507231185272253e-06
7.613744153060914e-02	1.161174217763636e-05	4.598517939496920e-06
7.804978564953347e-02	1.366859447582615e-05	4.502924103999241e-06
8.001016211569278e-02	4.654506382273617e-06	3.257672818103127e-06
8.201977735755264e-02	4.387790319455311e-06	3.110802129290721e-06
8.407986810544230e-02	3.845037049889041e-06	2.918843937620980e-06
8.619170215264671e-02	7.684114292628950e-06	3.295030399752397e-06
8.835657913561473e-02	8.341566130426269e-06	2.962489112099490e-06
9.057583133376396e-02	-1.023095285103675e-06	2.096181274851116e-06
9.285082448937411e-02	4.246726846522548e-06	2.533001894029559e-06
9.518295864807372e-02	1.670383022283726e-06	2.263520328249570e-06
9.757366902043738e-02	1.300293554537128e-06	2.063126847959616e-06
1.000244268652237e-01	-1.083331218936584e-06	1.810794148326517e-06
1.025367403947975e-01	4.189864818877735e-06	2.631789745110699e-06
1.051121557032937e-01	9.918482561910414e-06	3.603968280235854e-06
1.077522577180933e-01	-2.694200921890384e-06	4.115094166598089e-06
1.104586711751986e-01	7.280210240237827e-07	1.706924665135403e-06
1.132330616191061e-01	1.367198601686616e-06	1.675037009180244e-06
1.160771364277932e-01	2.188803112944883e-07	1.472609660782114e-06
1.189926458634501e-01	2.687591205976830e-07	1.668788050933244e-06
1.219813841496024e-01	5.761852402380901e-06	2.069679656593206e-06
1.250451905752879e-01	-2.390442619020669e-06	1.611836347132031e-06
1.281859506269674e-01	-1.988052110191573e-06	1.262050359101645e-06
1.314055971488650e-01	1.659553946228224e-06	1.592702288998608e-06
1.347061115324530e-01	7.090577246142320e-07	1.501426784836085e-06
1.380895249358136e-01	-1.156663832363721e-06	1.366836318554026e-06
1.415579195336265e-01	4.816491926180351e-10	1.397472669777568e-06
1.451134297985526e-01	-1.176587476262864e-06	1.263274355907160e-06
1.487582438148028e-01	6.436437160727084e-07	1.353264539190998e-06
1.524946046246992e-01	3.674844608098927e-06	1.482609325448853e-06
1.563248116090578e-01	1.261823521802665e-06	1.373362111127924e-06
1.602512219022425e-01	-1.535869554644164e-06	1.049820484700969e-06
1.642762518427611e-01	-2.484844857836951e-06	9.868997633944185e-07
1.684023784602957e-01	-1.191845855059029e-06	1.150948540287456e-06
1.726321410000830e-01	-1.508392723005962e-06	9.936005492123692e-07
1.769681424855821e-01	9.091429139021244e-07	1.205191977358837e-06
1.814130513203924e-01	7.780724231786429e-07	1.255294901051005e-06
1.859696029304067e-01	1.095340425810633e-06	1.179095389862381e-06
1.906406014472097e-01	-1.950295807139369e-06	1.096879321821149e-06
1.954289214337593e-01	1.247548260244266e-06	1.144504845517355e-06
2.003375096534110e-01	-6.297158873289502e-07	1.021291323343893e-06
2.053693868833757e-01	-4.589930968349427e-07	1.106183765053198e-06
2.105276497737255e-01	7.654080905722001e-07	1.416761111062462e-06
2.158154727530922e-01	-1.907708225445832e-06	1.288487737143236e-06
2.212361099822316e-01	1.433471236999895e-06	1.602295543663657e-06
2.267928973566553e-01	1.635408014067777e-07	1.294350787367470e-06
2.324892545595624e-01	-2.299175168605552e-06	1.351335122921406e-06
2.383286871663349e-01	-6.147077976918599e-07	1.548666294101831e-06
2.443147888018918e-01	1.027616834322306e-06	1.584125688194182e-06
2.504512433522289e-01	-1.353831987135566e-06	1.343239363757146e-06
2.567418272315068e-01	1.060113944844557e-06	1.858272430717191e-06
2.631904117060806e-01	-7.984082053798720e-07	1.417371477852268e-06
2.698009652769022e-01	-8.144110600898514e-07	1.166658831307146e-06
2.765775561217621e-01	-1.001545994568313e-06	1.812403159904581e-06
2.835243545988724e-01	1.291483718263326e-06	2.005544264078106e-06
2.906456358133323e-01	-1.869551789717189e-06	1.901592749222088e-06
2.979457822480558e-01	2.032274603234578e-07	1.950799922665876e-06
3.054292864607802e-01	-2.435411781529972e-06	1.658632999456128e-06
3.131007538488156e-01	-5.819261146118687e-07	1.378013159974880e-06
3.209649054832364e-01	-2.278667772267616e-06	1.121439855862031e-06
3.290265810142589e-01	-2.518967444846256e-06	1.162091563117425e-06
3.346135714770924e-01	1.508704174139225e-06	3.969935331394348e-06
