6.531919117736974e-03	2.424244808087491e-01	4.059441254240187e-02
6.696366713445120e-03	3.348710722458443e-01	3.305295606883349e-02
6.864954441822814e-03	3.339135444507340e-01	2.759061455454581e-02
7.037786534850146e-03	2.851822048732286e-01	2.194451816269571e-02
7.214969848651533e-03	3.139435855205057e-01	2.109218325388107e-02
7.396613929561183e-03	3.374393687839933e-01	2.015783006938547e-02
7.582831081851815e-03	3.394833356249785e-01	1.838943872768936e-02
7.773736437168517e-03	3.534942767752522e-01	1.741419202616701e-02
7.969448025710674e-03	3.863121424728575e-01	1.707630326904049e-02
8.170086849205966e-03	3.482270240958490e-01	1.509043801448627e-02
8.375776955721575e-03	3.794694270857324e-01	1.482162382162457e-02
8.586645516358821e-03	3.946834840873520e-01	1.412358249054462e-02
8.802822903878670e-03	3.837700682847387e-01	1.313629748375265e-02
9.024442773306718e-03	3.894691040582503e-01	1.254963978922989e-02
9.251642144567487e-03	4.041430601963617e-01	1.208873340905155e-02
9.484561487199120e-03	4.099279952066864e-01	1.162231891818644e-02
9.723344807200844e-03	4.243773713844393e-01	1.118191401866927e-02
9.968139736066932e-03	4.180646030085880e-01	1.061085515780024e-02
1.021909762206215e-02	3.810252879175577e-01	9.611855077882286e-03
1.047637362379519e-02	3.449661895811308e-01	8.708464941647133e-03
1.074012680614786e-02	3.110871639904821e-01	7.771698654949799e-03
1.101052023861944e-02	2.768452785293866e-01	8.259535801604906e-03
1.128772109614692e-02	2.816181887068767e-01	9.020900414877868e-03
1.157190076246351e-02	2.306144163422237e-01	7.186521417979877e-03
1.186323493605930e-02	2.219548220714093e-01	6.838838305666114e-03
1.216190373880953e-02	2.043218658897920e-01	6.323105438737231e-03
1.246809182733779e-02	1.737660413693591e-01	5.347802128544302e-03
1.278198850718285e-02	1.532146138876312e-01	4.792509869175952e-03
1.310378784983969e-02	1.382095070773207e-01	4.304177936679688e-03
1.343368881274725e-02	1.105017993668721e-01	3.568060761191373e-03
1.377189536229697e-02	1.046351196259995e-01	3.333576659251645e-03
1.411861659993816e-02	8.804229312301068e-02	2.893825519660558e-03
1.447406689145821e-02	7.311190224823209e-02	2.507017463201626e-03
1.483846599951756e-02	6.300506640895845e-02	2.206870391888634e-03
1.521203921952141e-02	5.705103142747647e-02	2.011598555293892e-03
1.559501751891208e-02	4.325303154742768e-02	1.629628131857678e-03
1.598763767996821e-02	3.449219958938756e-02	1.396504207217717e-03
1.639014244619909e-02	2.998228864500685e-02	1.236337384758781e-03
1.680278067242460e-02	2.233369820136188e-02	1.016658798712165e-03
1.722580747863356e-02	1.547399156213101e-02	8.029786352905530e-04
1.765948440771564e-02	1.267325957183885e-02	6.904180065846672e-04
1.810407958716429e-02	1.021894108996813e-02	5.933980302441220e-04
1.855986789485074e-02	7.883835725190821e-03	4.986922504233945e-04
1.902713112897150e-02	5.596453182592131e-03	4.008488716854548e-04
1.950615818227449e-02	4.705342509223149e-03	3.567524541281944e-04
1.999724522067143e-02	3.488113725698411e-03	2.957116723629446e-04
2.050069586634706e-02	2.241343311864731e-03	2.289983577729866e-04
2.101682138547821e-02	1.934428259084674e-03	2.077344928221553e-04
2.154594088067901e-02	1.622834721399353e-03	1.826557092595527e-04
2.208838148829098e-02	1.266137840701691e-03	1.595503910854789e-04
2.264447858064020e-02	9.130521976933424e-04	1.306795677615316e-04
2.321457597338639e-02	7.023959270651115e-04	1.149146357000304e-04
2.379902613809237e-02	5.805158609843123e-04	1.048998932151570e-04
2.439819042014498e-02	7.550669111695342e-04	1.127688808744438e-04
2.501243926216255e-02	5.678416244499508e-04	1.000963941793910e-04
2.564215243302676e-02	8.610523995006378e-04	1.216390572690447e-04
2.628771926268064e-02	5.501239369211228e-04	9.827999299186640e-05
2.694953888283789e-02	5.403533728612674e-04	9.673395125241562e-05
2.762802047375221e-02	4.035026175665052e-04	8.580718004165553e-05
2.832358351719940e-02	4.453021728203768e-04	8.956483661509636e-05
2.903665805582841e-02	3.150492239225500e-04	7.568038340627597e-05
2.976768495904195e-02	3.260116147970080e-04	7.285352819813669e-05
3.051711619557079e-02	2.369811654052841e-04	5.097912737006417e-05
3.128541511291048e-02	4.095062532740818e-04	6.346909590408872e-05
3.207305672379311e-02	1.352450040725488e-04	3.783198332668743e-05
3.288052799987133e-02	1.874202416578884e-04	4.254138132208445e-05
3.370832817279609e-02	1.320378198585770e-04	3.354885791129957e-05
3.455696904287441e-02	8.733857624242941e-05	2.450843053573851e-05
3.542697529549781e-02	1.030324057795284e-04	2.597259631806984e-05
3.631888482553727e-02	8.247471546299199e-05	2.377520642945247e-05
3.723324906990499e-02	7.074822507743586e-05	2.191697481464175e-05
3.817063334848891e-02	4.805415493072511e-05	1.664661616472882e-05
3.913161721367048e-02	1.107445374466733e-04	2.537221576375934e-05
4.011679480864185e-02	3.976151997201742e-05	1.541885970495246e-05
4.112677523474421e-02	7.648678708773600e-05	1.938628925978178e-05
4.216218292805413e-02	6.889324518756007e-05	1.670873841337117e-05
4.322365804545081e-02	3.976595892681008e-05	1.328885506397278e-05
4.431185686040308e-02	2.787311233501966e-05	9.191129582870754e-06
4.542745216872059e-02	3.834059508606499e-05	1.189161363283255e-05
4.657113370452030e-02	2.307847191882506e-05	8.547855161609207e-06
4.774360856666530e-02	1.348120901458985e-05	6.816946833378844e-06
4.894560165593967e-02	1.372550272380957e-05	6.302254881781581e-06
5.017785612322961e-02	1.925666616298993e-05	6.721533736881208e-06
5.144113382898804e-02	7.233542021238752e-06	4.016409281456545e-06
5.273621581426664e-02	1.381963673881134e-05	5.503874386117430e-06
5.406390278360662e-02	1.349669503984865e-05	5.051485823813189e-06
5.542501560008670e-02	7.105886043818038e-06	3.429393080314024e-06
5.682039579283449e-02	1.641992988511786e-05	5.277113979518425e-06
5.825090607731488e-02	6.844240082936580e-06	3.470713506234395e-06
5.971743088871737e-02	5.122238979422911e-06	2.781681283598076e-06
6.122087692877172e-02	6.307951200578803e-06	2.813623154471611e-06
6.276217372633047e-02	-6.423607813986953e-06	2.485478722829644e-06
6.434227421206457e-02	-5.910519935172739e-06	2.613508465281995e-06
6.596215530762750e-02	2.459008667361263e-06	2.562678465384155e-06
6.762281852965232e-02	5.859563155614228e-06	2.402258336578555e-06
6.932529060895486e-02	4.361534570822888e-06	2.125875957254485e-06
7.107062412532590e-02	-7.311400426979742e-07	2.185163625596760e-06
7.285989815830510e-02	5.222659187403639e-06	2.068905208517381e-06
7.469421895433859e-02	3.248339923501335e-06	1.609512808634243e-06
7.657472061073302e-02	1.160447574347316e-06	1.190627946342160e-06
7.850256577682883e-02	2.431069038935216e-06	1.284024571442545e-06
8.047894637282628e-02	2.417655643280400e-06	1.241929133519994e-06
8.250508432670856e-02	1.744522481573509e-06	1.132391297719426e-06
8.458223232971777e-02	2.696434716689871e-06	1.257317549628444e-06
8.671167461085075e-02	6.436070711407742e-07	7.557766813753795e-07
8.889472773085354e-02	1.898662643471936e-06	9.854161905107348e-07
9.113274139620550e-02	-3.146349911740030e-07	5.187844753696089e-07
9.342709929359638e-02	6.168227547477936e-07	7.563625890097989e-07
9.577921994541197e-02	1.991208717248746e-06	9.244356975309643e-07
9.819055758675765e-02	1.192514351262345e-06	7.174143779187284e-07
1.006626030645619e-01	2.390081241036789e-07	5.171204537566145e-07
1.031968847593153e-01	1.693150043297151e-06	7.480379139010235e-07
1.057949695300158e-01	4.840563882311905e-07	6.145986790643850e-07
1.084584636829035e-01	-5.972427982330035e-07	4.748690961963125e-07
1.111890139645843e-01	1.095051661312298e-06	6.138111038073136e-07
1.139883085801566e-01	5.368911408755710e-07	5.341126033308392e-07
1.168580782369707e-01	5.274237060659857e-07	5.422878262736921e-07
1.198000972146646e-01	6.834515874612460e-07	5.616920287771364e-07
1.228161844621410e-01	7.373763133388289e-07	5.160505150607777e-07
1.259082047221599e-01	-7.866657097775362e-07	4.399354432041065e-07
1.290780696842450e-01	1.604061808223498e-07	5.172464640569286e-07
1.323277391666156e-01	-1.790122060169269e-07	3.983445065459201e-07
1.356592223278743e-01	5.299876730965223e-07	5.023569926140930e-07
1.390745789092008e-01	3.547554029277680e-07	4.393281070816292e-07
1.425759205078188e-01	5.656363142553277e-07	4.636326918377790e-07
1.461654118825237e-01	7.193302594188502e-08	3.927465032270452e-07
1.498452722920781e-01	6.517032504964678e-07	4.638033707692961e-07
1.536177768673034e-01	3.820195340016209e-07	3.919094989893666e-07
1.574852580177147e-01	3.088244454605215e-07	4.230608124911670e-07
1.614501068735687e-01	-2.194395345452174e-07	3.470119520915172e-07
1.655147747642176e-01	-5.819056903487354e-08	3.827395312479191e-07
1.696817747336816e-01	9.019328577560345e-08	3.553173607002711e-07
1.739536830943768e-01	7.535617416520829e-07	4.375410003812281e-07
1.783331410199608e-01	2.123924738158093e-07	3.879160005447366e-07
1.828228561782793e-01	3.599701399688748e-07	4.246223288607030e-07
1.874256044054237e-01	2.146884073786436e-07	3.719612456541158e-07
1.921442314219346e-01	-8.632677945420165e-08	2.964645521627084e-07
1.969816545922132e-01	6.899888932325818e-07	4.523206384735921e-07
2.019408647282268e-01	1.793015948368705e-07	3.835110567595707e-07
2.070249279386246e-01	-2.201336513052585e-07	3.269252005895873e-07
2.122369875244074e-01	6.255595872809659e-07	4.844144525963491e-07
2.175802659223219e-01	3.093777704757766e-07	4.362700137241862e-07
2.230580666971823e-01	-9.275101500155891e-08	4.545750664108970e-07
2.286737765843506e-01	1.161484942943515e-06	6.492391141654679e-07
2.344308675836382e-01	-4.394430367362333e-07	4.732651222175985e-07
2.403328991059238e-01	-3.014951879953227e-07	4.142660390709925e-07
2.463835201738146e-01	1.182760758689394e-07	5.042924966786498e-07
2.525864716777105e-01	2.913575735916767e-07	5.784417392094883e-07
2.589455886886686e-01	4.619312771788922e-07	6.287101808082508e-07
2.654648028294945e-01	-1.594750386744723e-07	5.142871666932494e-07
2.721481447055299e-01	-9.431656683448848e-07	3.443639628520045e-07
2.789997463966363e-01	2.582568560285866e-07	7.214330697447197e-07
2.860238440119180e-01	-5.653882195241667e-07	4.917698176885715e-07
2.932247803087621e-01	-1.020168749340603e-07	5.554925662918681e-07
3.006070073778155e-01	-6.192402653910266e-07	4.531382004086089e-07
3.081750893955594e-01	1.456105885992759e-06	1.029698787291829e-06
3.159337054461820e-01	-1.184335612102366e-06	5.089869077847323e-07
3.238876524144951e-01	1.716937757423808e-07	7.661714954805671e-07
3.320168982168070e-01	-2.824757321490310e-07	4.014300494349248e-07
