6.531919117736974e-03	3.309564299169749e-01	4.280582564207202e-02
6.696366713445120e-03	3.623657034990235e-01	3.445009431174800e-02
6.864954441822814e-03	3.289611359488307e-01	2.729938077226060e-02
7.037786534850146e-03	3.564631697696640e-01	2.553478862405218e-02
7.214969848651533e-03	3.483656933411228e-01	2.284832401025775e-02
7.396613929561183e-03	3.986278366099537e-01	2.255112938562572e-02
7.582831081851815e-03	3.847978774242334e-01	2.007975245114383e-02
7.773736437168517e-03	3.867032411067026e-01	1.873807911865218e-02
7.969448025710674e-03	4.210926793807278e-01	1.819253004976819e-02
8.170086849205966e-03	4.282356876941671e-01	1.711935917353108e-02
8.375776955721575e-03	4.108463296191753e-01	1.572363650550326e-02
8.586645516358821e-03	4.420352451979953e-01	1.529602388663582e-02
8.802822903878670e-03	4.044357061328177e-01	1.378535727640303e-02
9.024442773306718e-03	4.336094831605832e-01	1.352589373335118e-02
9.251642144567487e-03	4.227732658815490e-01	1.263755061317270e-02
9.484561487199120e-03	4.183946109709341e-01	1.192596252915757e-02
9.723344807200844e-03	4.209086566128502e-01	1.123229442326739e-02
9.968139736066932e-03	4.119626306791521e-01	1.066608132707326e-02
1.021909762206215e-02	3.547922174030450e-01	9.345708779441415e-03
1.047637362379519e-02	3.165001083289246e-01	8.386584528053104e-03
1.074012680614786e-02	2.788391427708475e-01	7.402299724106405e-03
1.101052023861944e-02	2.500762020235109e-01	7.917629302485659e-03
1.128772109614692e-02	2.394252328883182e-01	8.141754708591733e-03
1.157190076246351e-02	2.006489914031277e-01	6.603533184628388e-03
1.186323493605930e-02	1.878349243495695e-01	6.161068860412463e-03
1.216190373880953e-02	1.599353973921956e-01	5.398940788678800e-03
1.246809182733779e-02	1.342635185564726e-01	4.559533546668128e-03
1.278198850718285e-02	1.216474604283080e-01	4.133724970594375e-03
1.310378784983969e-02	1.005798941217261e-01	3.574213276616213e-03
1.343368881274725e-02	8.877970768943831e-02	3.170127821155597e-03
1.377189536229697e-02	7.877381348165820e-02	2.836886381587050e-03
1.411861659993816e-02	7.113962270898699e-02	2.570147400653771e-03
1.447406689145821e-02	6.088186860775348e-02	2.283352990238081e-03
1.483846599951756e-02	5.036525705105303e-02	1.960281438781155e-03
1.521203921952141e-02	4.571552314334921e-02	1.794815372674624e-03
1.559501751891208e-02	3.990929985817177e-02	1.571261525432539e-03
1.598763767996821e-02	3.498462589260048e-02	1.411762376077677e-03
1.639014244619909e-02	3.325218814831637e-02	1.318846248648560e-03
1.680278067242460e-02	2.988022671669382e-02	1.193883683627189e-03
1.722580747863356e-02	2.793262154155007e-02	1.106882111740330e-03
1.765948440771564e-02	2.365086279695307e-02	9.590136951699740e-04
1.810407958716429e-02	2.233009551329108e-02	8.965615227758532e-04
1.855986789485074e-02	1.901343691475763e-02	7.905554644155306e-04
1.902713112897150e-02	1.764402045770458e-02	7.272164121744542e-04
1.950615818227449e-02	1.543418666045831e-02	6.551188065252478e-04
1.999724522067143e-02	1.430521945516212e-02	6.102563559521153e-04
2.050069586634706e-02	1.385154500951822e-02	5.781866404604036e-04
2.101682138547821e-02	1.306369707290812e-02	5.398441076355818e-04
2.154594088067901e-02	1.149551087423394e-02	4.904016384273586e-04
2.208838148829098e-02	1.034478323227852e-02	4.508601494787257e-04
2.264447858064020e-02	9.262983734011706e-03	4.117312025182956e-04
2.321457597338639e-02	8.687015986099772e-03	3.944398045172873e-04
2.379902613809237e-02	7.588894786025562e-03	3.624588726545408e-04
2.439819042014498e-02	7.236016566876870e-03	3.479566974205019e-04
2.501243926216255e-02	6.834063848369955e-03	3.342227018971697e-04
2.564215243302676e-02	6.507239811300156e-03	3.249386693977292e-04
2.628771926268064e-02	6.113892800980007e-03	3.119768845606111e-04
2.694953888283789e-02	5.326599771351625e-03	2.934891043333473e-04
2.762802047375221e-02	5.257320557884050e-03	2.885606638220832e-04
2.832358351719940e-02	4.454168957425363e-03	2.595204240368491e-04
2.903665805582841e-02	4.055011591885987e-03	2.451269299111964e-04
2.976768495904195e-02	3.915041189471109e-03	2.350335148062983e-04
3.051711619557079e-02	3.431991034491461e-03	1.966634861163216e-04
3.128541511291048e-02	2.972478535231491e-03	1.787445247467271e-04
3.207305672379311e-02	2.814628401502348e-03	1.660974974022951e-04
3.288052799987133e-02	2.615581692874805e-03	1.544005262415505e-04
3.370832817279609e-02	2.363093252970116e-03	1.426789004038295e-04
3.455696904287441e-02	2.229545225814289e-03	1.342895122098718e-04
3.542697529549781e-02	1.876955087991417e-03	1.194986163214399e-04
3.631888482553727e-02	1.800707834644664e-03	1.121196101153788e-04
3.723324906990499e-02	1.751094958343647e-03	1.086619402842071e-04
3.817063334848891e-02	1.518120942947897e-03	9.798558264191214e-05
3.913161721367048e-02	1.241641997819074e-03	8.609608155899844e-05
4.011679480864185e-02	1.194855883749634e-03	8.224733717123134e-05
4.112677523474421e-02	1.111314987173893e-03	7.706918756271094e-05
4.216218292805413e-02	1.097428093340359e-03	7.482098073402508e-05
4.322365804545081e-02	9.622568600245889e-04	6.874672570791311e-05
4.431185686040308e-02	8.787832022207238e-04	6.360750022330267e-05
4.542745216872059e-02	7.525148078817313e-04	5.897284719069033e-05
4.657113370452030e-02	6.911121920375074e-04	5.471523312003729e-05
4.774360856666530e-02	7.165043742485199e-04	5.414212324909840e-05
4.894560165593967e-02	5.689856046870022e-04	4.656663531263072e-05
5.017785612322961e-02	4.929761205103023e-04	4.183567654947575e-05
5.144113382898804e-02	5.045353963529332e-04	4.372068700688130e-05
5.273621581426664e-02	4.109450006173186e-04	3.732968722528143e-05
5.406390278360662e-02	3.943617937821129e-04	3.588250113761659e-05
5.542501560008670e-02	3.363163103241178e-04	3.190464681546240e-05
5.682039579283449e-02	2.670983331042843e-04	2.701076034414151e-05
5.825090607731488e-02	2.520148836512779e-04	2.541304655276486e-05
5.971743088871737e-02	2.310908691819043e-04	2.373283340448564e-05
6.122087692877172e-02	2.050238885217067e-04	2.198095438943839e-05
6.276217372633047e-02	1.688723464584044e-04	1.902125265499245e-05
6.434227421206457e-02	1.501365843302185e-04	1.705996208731263e-05
6.596215530762750e-02	1.473392205026542e-04	1.625976087918358e-05
6.762281852965232e-02	1.232062840043595e-04	1.405902631467920e-05
6.932529060895486e-02	8.645016094197774e-05	1.144760804985293e-05
7.107062412532590e-02	8.494895760637012e-05	1.096488964535562e-05
7.285989815830510e-02	7.143828470612070e-05	9.635377152986805e-06
7.469421895433859e-02	5.775100695004419e-05	8.255274075791755e-06
7.657472061073302e-02	3.901909956863350e-05	6.766139769695870e-06
7.850256577682883e-02	4.709420232408441e-05	7.018527513833657e-06
8.047894637282628e-02	3.825057808572029e-05	5.945486884302745e-06
8.250508432670856e-02	3.166056290337638e-05	5.194833212107813e-06
8.458223232971777e-02	2.324608398987567e-05	4.373725668768027e-06
8.671167461085075e-02	2.082083992180615e-05	4.087092885588489e-06
8.889472773085354e-02	2.058224711099480e-05	3.740181640626205e-06
9.113274139620550e-02	2.126205403746908e-05	3.671634748795205e-06
9.342709929359638e-02	2.007477019658263e-05	3.633042495248152e-06
9.577921994541197e-02	2.303122195378633e-05	3.545649157146443e-06
9.819055758675765e-02	1.525914506079612e-05	2.880533237060297e-06
1.006626030645619e-01	1.705208148405170e-05	2.972120244891837e-06
1.031968847593153e-01	1.757079797560287e-05	2.845158960539198e-06
1.057949695300158e-01	1.331116213624838e-05	2.517532010701593e-06
1.084584636829035e-01	1.524059993246355e-05	2.665964942046632e-06
1.111890139645843e-01	1.734831269109968e-05	2.712175532937049e-06
1.139883085801566e-01	1.490420898356756e-05	2.460078643333385e-06
1.168580782369707e-01	8.709059662828737e-06	2.093589602241002e-06
1.198000972146646e-01	9.390648592144585e-06	2.103828058806268e-06
1.228161844621410e-01	7.248626508810087e-06	1.908860258670277e-06
1.259082047221599e-01	7.474677729487884e-06	1.890424622907358e-06
1.290780696842450e-01	4.639060859116968e-06	1.571469662650253e-06
1.323277391666156e-01	7.133604959887757e-06	1.916684496623223e-06
1.356592223278743e-01	4.975097272974263e-06	1.511098826011548e-06
1.390745789092008e-01	3.103795747790068e-06	1.471209006624030e-06
1.425759205078188e-01	3.274072522841653e-06	1.408184990299006e-06
1.461654118825237e-01	2.415095412082465e-06	1.317371830995103e-06
1.498452722920781e-01	3.630231395303245e-06	1.388886670230249e-06
1.536177768673034e-01	3.495887761015572e-06	1.250383651611172e-06
1.574852580177147e-01	1.311851175247698e-06	1.065178441221311e-06
1.614501068735687e-01	4.076093128083336e-06	1.356087301547866e-06
1.655147747642176e-01	6.793735400063439e-07	9.883607907609750e-07
1.696817747336816e-01	2.845125053768162e-06	1.166675357078442e-06
1.739536830943768e-01	2.205716578848674e-06	1.180290723697656e-06
1.783331410199608e-01	1.221378590057976e-06	1.123270353344506e-06
1.828228561782793e-01	4.602032226039223e-06	1.329150538624675e-06
1.874256044054237e-01	1.658882369130416e-06	1.084248471750767e-06
1.921442314219346e-01	2.121554491599341e-06	1.040154819369888e-06
1.969816545922132e-01	1.513612820960094e-06	1.098989601573327e-06
2.019408647282268e-01	6.740445760207557e-07	8.898964234989335e-07
2.070249279386246e-01	2.448964805835359e-06	1.112036580454442e-06
2.122369875244074e-01	1.679897493091984e-06	1.129839941938976e-06
2.175802659223219e-01	3.228212600287650e-08	8.637063045672942e-07
2.230580666971823e-01	-3.706074666502573e-07	9.512843085313483e-07
2.286737765843506e-01	1.783637347233726e-06	1.327222060656787e-06
2.344308675836382e-01	2.260189520043374e-06	1.275557860655030e-06
2.403328991059238e-01	1.073067835865685e-06	1.434526918826949e-06
2.463835201738146e-01	-6.030690936578517e-08	1.229566801640693e-06
2.525864716777105e-01	-8.612686542031178e-07	1.276966080576415e-06
2.589455886886686e-01	2.840017687095418e-06	1.776760993633557e-06
2.654648028294945e-01	-1.558509682482915e-07	1.389620891174992e-06
2.721481447055299e-01	3.154444089908132e-06	2.007755485342956e-06
2.789997463966363e-01	7.407736354831579e-07	1.654042801299937e-06
2.860238440119180e-01	2.705840571890053e-06	1.981806633660667e-06
2.932247803087621e-01	9.184806136425426e-07	1.350466196699498e-06
3.006070073778155e-01	6.348909087543463e-07	1.356874740506812e-06
3.081750893955594e-01	2.091467766686037e-06	2.219599239531815e-06
3.159337054461820e-01	5.836515209331285e-08	1.466218003398540e-06
3.238876524144951e-01	2.093962265867380e-06	1.695794978530755e-06
3.320168982168070e-01	-2.459211660322373e-06	2.252772233046347e-07
