#
 6.535296e-03 1.089572e+00 5.117117e-02
 6.698658e-03 1.150370e+00 4.874602e-02
 6.866105e-03 1.035759e+00 4.065101e-02
 7.037737e-03 9.867685e-01 3.530471e-02
 7.213659e-03 1.037594e+00 3.393380e-02
 7.393979e-03 9.681243e-01 2.916694e-02
 7.578806e-03 9.823910e-01 2.636187e-02
 7.768254e-03 1.035395e+00 2.528680e-02
 7.962437e-03 1.041689e+00 2.333905e-02
 8.161474e-03 1.006673e+00 2.104987e-02
 8.365486e-03 1.009568e+00 1.945120e-02
 8.574598e-03 1.034438e+00 1.865687e-02
 8.788937e-03 1.004643e+00 1.711797e-02
 9.008634e-03 1.028028e+00 1.655572e-02
 9.233823e-03 1.009813e+00 1.504118e-02
 9.464641e-03 1.039805e+00 1.447673e-02
 9.701229e-03 1.015176e+00 1.353913e-02
 9.943730e-03 9.123338e-01 1.197595e-02
 1.019229e-02 5.818931e-01 8.670010e-03
 1.044707e-02 3.514884e-01 6.124696e-03
 1.070822e-02 2.466156e-01 4.786972e-03
 1.097589e-02 1.959593e-01 4.429151e-03
 1.125025e-02 1.470047e-01 3.736575e-03
 1.153148e-02 1.249896e-01 3.245560e-03
 1.181973e-02 9.760129e-02 2.664889e-03
 1.211519e-02 8.035626e-02 2.276769e-03
 1.241803e-02 6.916135e-02 2.012693e-03
 1.272844e-02 6.065348e-02 1.792584e-03
 1.304662e-02 5.298455e-02 1.616090e-03
 1.337274e-02 4.807906e-02 1.454973e-03
 1.370702e-02 3.865691e-02 1.243851e-03
 1.404966e-02 3.333827e-02 1.113087e-03
 1.440085e-02 2.984075e-02 1.010654e-03
 1.476083e-02 2.489041e-02 8.760272e-04
 1.512981e-02 2.362240e-02 8.214291e-04
 1.550801e-02 1.916729e-02 7.049498e-04
 1.589566e-02 1.726072e-02 6.362015e-04
 1.629301e-02 1.594063e-02 5.838211e-04
 1.670028e-02 1.399569e-02 5.255140e-04
 1.711774e-02 1.189819e-02 4.648697e-04
 1.754563e-02 1.072064e-02 4.216389e-04
 1.798422e-02 9.700426e-03 3.835754e-04
 1.843377e-02 8.589701e-03 3.445209e-04
 1.889456e-02 7.783215e-03 3.154785e-04
 1.936687e-02 6.721110e-03 2.814050e-04
 1.985098e-02 5.853085e-03 2.530040e-04
 2.034720e-02 5.188435e-03 2.290058e-04
 2.085582e-02 4.570689e-03 2.080746e-04
 2.137715e-02 4.229956e-03 1.935634e-04
 2.191151e-02 4.015341e-03 1.821895e-04
 2.245923e-02 3.320854e-03 1.605701e-04
 2.302065e-02 2.944020e-03 1.479617e-04
 2.359610e-02 2.812913e-03 1.412569e-04
 2.418593e-02 2.408733e-03 1.282877e-04
 2.479050e-02 2.270717e-03 1.233858e-04
 2.541019e-02 1.913693e-03 1.118617e-04
 2.604537e-02 1.767772e-03 1.066900e-04
 2.669643e-02 1.634406e-03 1.022981e-04
 2.736376e-02 1.446570e-03 9.596373e-05
 2.804777e-02 1.233805e-03 8.711629e-05
 2.874888e-02 1.059610e-03 7.908297e-05
 2.946751e-02 1.014300e-03 7.589219e-05
 3.020411e-02 1.039434e-03 6.937802e-05
 3.095913e-02 8.426309e-04 6.040212e-05
 3.173301e-02 8.347435e-04 5.842817e-05
 3.252624e-02 7.444857e-04 5.343087e-05
 3.333930e-02 6.512844e-04 4.870666e-05
 3.417268e-02 6.166785e-04 4.558132e-05
 3.502690e-02 5.913070e-04 4.300761e-05
 3.590246e-02 4.185331e-04 3.468151e-05
 3.679992e-02 3.952086e-04 3.257225e-05
 3.771980e-02 4.089129e-04 3.221221e-05
 3.866269e-02 3.336425e-04 2.814869e-05
 3.962914e-02 3.092992e-04 2.619262e-05
 4.061975e-02 2.973376e-04 2.502638e-05
 4.163512e-02 2.103429e-04 2.033779e-05
 4.267587e-02 2.389431e-04 2.127930e-05
 4.374264e-02 2.039820e-04 1.920206e-05
 4.483608e-02 2.374760e-04 2.044142e-05
 4.595684e-02 1.549242e-04 1.594181e-05
 4.710563e-02 1.409811e-04 1.480293e-05
 4.828313e-02 1.300627e-04 1.392502e-05
 4.949006e-02 1.267532e-04 1.334373e-05
 5.072716e-02 1.305973e-04 1.333506e-05
 5.199519e-02 1.098399e-04 1.164115e-05
 5.329491e-02 1.065099e-04 1.128558e-05
 5.462713e-02 7.666110e-05 9.039111e-06
 5.599264e-02 7.080027e-05 8.407006e-06
 5.739229e-02 7.275048e-05 8.292430e-06
 5.882692e-02 6.943817e-05 7.828812e-06
 6.029742e-02 5.169355e-05 6.534898e-06
 6.180467e-02 5.628683e-05 6.536912e-06
 6.334961e-02 5.159671e-05 6.079284e-06
 6.493316e-02 4.767603e-05 5.646205e-06
 6.655629e-02 5.461018e-05 5.915065e-06
 6.822000e-02 4.681832e-05 5.223964e-06
 6.992529e-02 4.832792e-05 5.151215e-06
 7.167321e-02 3.721564e-05 4.281225e-06
 7.346483e-02 3.403678e-05 3.946898e-06
 7.530123e-02 2.836837e-05 3.426723e-06
 7.718354e-02 2.701766e-05 3.221953e-06
 7.911289e-02 2.613277e-05 3.058879e-06
 8.109048e-02 2.243555e-05 2.696514e-06
 8.311750e-02 2.416204e-05 2.714995e-06
 8.519518e-02 1.875141e-05 2.255213e-06
 8.732481e-02 2.058505e-05 2.308080e-06
 8.950767e-02 1.473370e-05 1.845542e-06
 9.174509e-02 1.682822e-05 1.928097e-06
 9.403844e-02 1.382128e-05 1.669285e-06
 9.638912e-02 1.382387e-05 1.621540e-06
 9.879856e-02 1.048749e-05 1.352234e-06
 1.012682e-01 1.021929e-05 1.294823e-06
 1.037996e-01 1.130329e-05 1.328951e-06
 1.063943e-01 7.678844e-06 1.059604e-06
 1.090538e-01 7.621162e-06 1.028927e-06
 1.117799e-01 8.465444e-06 1.075165e-06
 1.145740e-01 6.990310e-06 9.596830e-07
 1.174380e-01 8.973966e-06 1.090297e-06
 1.203736e-01 5.764219e-06 8.514697e-07
 1.233826e-01 6.622352e-06 9.162093e-07
 1.264668e-01 4.627005e-06 7.503347e-07
 1.296281e-01 3.511894e-06 6.404004e-07
 1.328684e-01 3.669798e-06 6.408198e-07
 1.361897e-01 3.499370e-06 6.136376e-07
 1.395941e-01 2.468065e-06 5.032591e-07
 1.430835e-01 3.164757e-06 5.639150e-07
 1.466601e-01 3.405517e-06 5.781340e-07
 1.503262e-01 2.712059e-06 5.073121e-07
 1.540839e-01 3.198658e-06 5.475994e-07
 1.579356e-01 2.096455e-06 4.319326e-07
 1.618835e-01 1.593405e-06 3.727279e-07
 1.659301e-01 2.210259e-06 4.376053e-07
 1.700778e-01 2.679273e-06 4.817025e-07
 1.743293e-01 1.201835e-06 3.190007e-07
 1.786870e-01 1.581678e-06 3.666751e-07
 1.831536e-01 1.686223e-06 3.784003e-07
 1.877319e-01 1.362041e-06 3.390838e-07
 1.924246e-01 8.972276e-07 2.761579e-07
 1.972347e-01 8.217545e-07 2.686675e-07
 2.021649e-01 9.268260e-07 2.927014e-07
 2.072185e-01 1.359684e-06 3.717164e-07
 2.123983e-01 1.113279e-06 3.510113e-07
 2.177076e-01 1.327313e-06 4.006302e-07
 2.231497e-01 2.640375e-07 1.870301e-07
 2.287277e-01 5.414234e-07 2.853413e-07
 2.344452e-01 5.906512e-07 3.061841e-07
 2.403057e-01 7.052522e-07 3.571833e-07
 2.463126e-01 3.232217e-07 2.495940e-07
 2.524697e-01 6.420304e-07 3.716628e-07
 2.587806e-01 0.000000e+00 0.000000e+00
 2.652494e-01 4.901943e-07 3.472369e-07
 2.718798e-01 5.219543e-07 3.697359e-07
 2.786760e-01 5.886533e-07 4.183985e-07
 2.856421e-01 6.277044e-07 4.431676e-07
 2.927823e-01 6.494181e-07 4.600326e-07
 3.001009e-01 0.000000e+00 0.000000e+00
 3.076026e-01 3.685305e-07 3.688630e-07
 3.152917e-01 0.000000e+00 0.000000e+00
 3.231730e-01 0.000000e+00 0.000000e+00
 3.309651e-01 0.000000e+00 0.000000e+00
