#
 6.535202e-03 8.195751e-01 4.902514e-02
 6.698373e-03 8.699444e-01 4.614209e-02
 6.865618e-03 7.365000e-01 3.755559e-02
 7.037039e-03 7.985733e-01 3.531376e-02
 7.212739e-03 8.198980e-01 3.350415e-02
 7.392827e-03 7.873186e-01 2.942275e-02
 7.577411e-03 7.505805e-01 2.545056e-02
 7.766604e-03 7.320556e-01 2.322256e-02
 7.960521e-03 7.868330e-01 2.236256e-02
 8.159279e-03 7.802920e-01 2.050210e-02
 8.363000e-03 7.833193e-01 1.893862e-02
 8.571807e-03 8.488242e-01 1.882142e-02
 8.785828e-03 7.833090e-01 1.674576e-02
 9.005193e-03 8.332234e-01 1.657535e-02
 9.230034e-03 8.559005e-01 1.562265e-02
 9.460490e-03 8.395910e-01 1.459126e-02
 9.696699e-03 8.289695e-01 1.375049e-02
 9.938806e-03 7.073884e-01 1.187074e-02
 1.018696e-02 3.825077e-01 8.018345e-03
 1.044131e-02 1.680924e-01 4.888118e-03
 1.070201e-02 9.807032e-02 3.516584e-03
 1.096921e-02 6.527376e-02 2.793470e-03
 1.124309e-02 4.193324e-02 2.127397e-03
 1.152381e-02 2.602222e-02 1.595734e-03
 1.181154e-02 2.128583e-02 1.366483e-03
 1.210645e-02 1.508600e-02 1.097102e-03
 1.240872e-02 1.225260e-02 9.543145e-04
 1.271854e-02 8.116724e-03 7.395931e-04
 1.303610e-02 6.475900e-03 6.434159e-04
 1.336158e-02 4.216794e-03 4.920075e-04
 1.369519e-02 4.052518e-03 4.635344e-04
 1.403714e-02 3.465428e-03 4.154079e-04
 1.438762e-02 2.668162e-03 3.525404e-04
 1.474685e-02 2.277255e-03 3.101549e-04
 1.511505e-02 1.758304e-03 2.617931e-04
 1.549244e-02 1.639662e-03 2.436614e-04
 1.587925e-02 1.452383e-03 2.183691e-04
 1.627573e-02 7.677928e-04 1.514522e-04
 1.668210e-02 7.847012e-04 1.475738e-04
 1.709862e-02 5.688784e-04 1.201626e-04
 1.752554e-02 5.883574e-04 1.172138e-04
 1.796311e-02 4.894360e-04 1.027166e-04
 1.841162e-02 4.689831e-04 9.618358e-05
 1.887132e-02 4.899887e-04 9.447737e-05
 1.934250e-02 4.179534e-04 8.399632e-05
 1.982544e-02 4.213373e-04 8.117946e-05
 2.032044e-02 3.044615e-04 6.651791e-05
 2.082780e-02 2.492238e-04 5.812613e-05
 2.134783e-02 1.673270e-04 4.605691e-05
 2.188084e-02 1.087060e-04 3.593745e-05
 2.242716e-02 1.741920e-04 4.412651e-05
 2.298713e-02 1.668630e-04 4.220095e-05
 2.356107e-02 9.467416e-05 3.114999e-05
 2.414934e-02 1.852462e-04 4.287441e-05
 2.475230e-02 1.487748e-04 3.788872e-05
 2.537032e-02 1.535902e-04 3.823197e-05
 2.600376e-02 1.147302e-04 3.267353e-05
 2.665302e-02 7.714948e-05 2.662584e-05
 2.731850e-02 7.090884e-05 2.546994e-05
 2.800059e-02 7.483860e-05 2.577973e-05
 2.869970e-02 8.551636e-05 2.705933e-05
 2.941628e-02 8.075837e-05 2.577342e-05
 3.015074e-02 5.728214e-05 1.935962e-05
 3.090355e-02 8.029592e-05 2.239996e-05
 3.167515e-02 1.121393e-05 8.161987e-06
 3.246601e-02 3.240134e-05 1.317490e-05
 3.327662e-02 3.667884e-05 1.373757e-05
 3.410747e-02 4.251872e-05 1.444206e-05
 3.495907e-02 1.697281e-05 8.525342e-06
 3.583193e-02 2.545806e-05 1.027124e-05
 3.672658e-02 3.542981e-05 1.216346e-05
 3.764357e-02 1.579213e-05 7.537689e-06
 3.858345e-02 1.956388e-05 8.456241e-06
 3.954681e-02 2.546245e-05 9.025960e-06
 4.053421e-02 1.333005e-05 6.201892e-06
 4.154627e-02 1.298041e-05 6.149094e-06
 4.258360e-02 8.991684e-06 4.774633e-06
 4.364682e-02 1.587608e-05 6.475595e-06
 4.473660e-02 7.337054e-06 4.337857e-06
 4.585358e-02 7.605951e-06 4.200837e-06
 4.699845e-02 1.549861e-05 6.174958e-06
 4.817191e-02 2.979589e-06 2.647037e-06
 4.937467e-02 1.124639e-05 4.834707e-06
 5.060745e-02 1.560166e-05 6.415578e-06
 5.187102e-02 1.264813e-05 4.857597e-06
 5.316613e-02 1.300300e-05 4.892147e-06
 5.449359e-02 1.197214e-05 4.602857e-06
 5.585418e-02 4.189977e-06 2.553507e-06
 5.724875e-02 9.680529e-06 3.992927e-06
 5.867814e-02 7.415467e-06 3.197891e-06
 6.014321e-02 1.420674e-05 4.850293e-06
 6.164487e-02 1.509546e-05 4.736878e-06
 6.318402e-02 8.940332e-06 3.273222e-06
 6.476160e-02 6.669555e-06 2.756667e-06
 6.637856e-02 9.187398e-06 3.271731e-06
 6.803590e-02 8.635953e-06 3.012777e-06
 6.973462e-02 6.458942e-06 2.409446e-06
 7.147576e-02 5.646552e-06 2.156417e-06
 7.326036e-02 6.485133e-06 2.308104e-06
 7.508953e-02 3.958729e-06 1.632011e-06
 7.696436e-02 4.368426e-06 1.678866e-06
 7.888601e-02 2.433203e-06 1.145979e-06
 8.085564e-02 2.476225e-06 1.118098e-06
 8.287444e-02 6.484006e-06 2.002767e-06
 8.494365e-02 3.699668e-06 1.336347e-06
 8.706452e-02 4.192241e-06 1.411915e-06
 8.923835e-02 3.827028e-06 1.298244e-06
 9.146645e-02 3.139810e-06 1.111964e-06
 9.375019e-02 4.074263e-06 1.289363e-06
 9.609094e-02 3.183609e-06 1.066498e-06
 9.849014e-02 3.385052e-06 1.090416e-06
 1.009492e-01 2.383553e-06 8.450134e-07
 1.034697e-01 1.702084e-06 6.670244e-07
 1.060532e-01 3.016491e-06 9.542559e-07
 1.087011e-01 3.016469e-06 9.411931e-07
 1.114152e-01 2.082754e-06 7.242999e-07
 1.141970e-01 1.966127e-06 6.943138e-07
 1.170482e-01 1.864353e-06 6.667038e-07
 1.199707e-01 1.589823e-06 5.993047e-07
 1.229661e-01 1.812203e-06 6.504959e-07
 1.260364e-01 2.264020e-06 7.487215e-07
 1.291832e-01 1.387667e-06 5.403972e-07
 1.324087e-01 2.222153e-06 7.218403e-07
 1.357147e-01 1.744968e-06 6.068875e-07
 1.391032e-01 2.307885e-06 7.231774e-07
 1.425763e-01 1.103144e-06 4.419515e-07
 1.461362e-01 5.871050e-07 3.007651e-07
 1.497849e-01 5.081056e-07 2.747237e-07
 1.535247e-01 9.673696e-07 3.963843e-07
 1.573579e-01 1.142074e-06 4.339754e-07
 1.612868e-01 1.430505e-06 4.985175e-07
 1.653138e-01 4.351842e-07 2.421371e-07
 1.694414e-01 8.586284e-07 3.580036e-07
 1.736720e-01 7.298952e-07 3.264832e-07
 1.780082e-01 1.160582e-06 4.322601e-07
 1.824528e-01 4.524279e-07 2.459687e-07
 1.870082e-01 5.939518e-07 2.890227e-07
 1.916775e-01 1.067749e-06 4.111853e-07
 1.964633e-01 5.161887e-07 2.717125e-07
 2.013686e-01 6.133301e-07 3.030603e-07
 2.063963e-01 7.923411e-07 3.678874e-07
 2.115496e-01 2.081108e-07 1.808438e-07
 2.168316e-01 3.395735e-07 2.488737e-07
 2.222455e-01 1.812884e-07 1.846248e-07
 2.277945e-01 6.573752e-07 3.890016e-07
 2.334820e-01 3.937194e-07 3.029193e-07
 2.393116e-01 4.906472e-07 3.596005e-07
 2.452868e-01 2.730759e-07 2.781038e-07
 2.514111e-01 3.071884e-07 3.128453e-07
 2.576883e-01 9.670837e-07 5.886552e-07
 2.641223e-01 0.000000e+00 0.000000e+00
 2.707169e-01 1.478909e-07 2.444183e-07
 2.774761e-01 2.444219e-07 3.118259e-07
 2.844042e-01 0.000000e+00 0.000000e+00
 2.915052e-01 4.244739e-07 4.523028e-07
 2.987835e-01 4.067443e-08 1.362462e-07
 3.062435e-01 1.022394e-06 7.493504e-07
 3.138898e-01 5.447701e-07 5.594620e-07
 3.217270e-01 9.281194e-09 7.087352e-08
 3.302308e-01 0.000000e+00 0.000000e+00
