#
 6.519721e-03 1.020038e+00 6.955548e-02
 6.651230e-03 1.075156e+00 6.966166e-02
 6.785392e-03 8.905119e-01 5.710356e-02
 6.922260e-03 1.061774e+00 6.371144e-02
 7.061889e-03 8.766944e-01 5.056049e-02
 7.204334e-03 9.949249e-01 5.331985e-02
 7.349653e-03 1.088323e+00 5.256501e-02
 7.497903e-03 9.848721e-01 4.684972e-02
 7.649143e-03 1.036211e+00 4.423973e-02
 7.803434e-03 9.839199e-01 3.889961e-02
 7.960837e-03 9.978327e-01 3.675523e-02
 8.121415e-03 9.740703e-01 3.344627e-02
 8.285232e-03 1.004418e+00 3.210624e-02
 8.452353e-03 1.040231e+00 3.058934e-02
 8.622846e-03 9.959400e-01 2.781047e-02
 8.796777e-03 1.000344e+00 2.656932e-02
 8.974217e-03 1.010608e+00 2.526189e-02
 9.155236e-03 1.003494e+00 2.318969e-02
 9.339906e-03 9.888491e-01 2.126121e-02
 9.528301e-03 9.772273e-01 2.011420e-02
 9.720497e-03 9.611289e-01 1.911185e-02
 9.916569e-03 8.119780e-01 1.661628e-02
 1.011660e-02 5.042415e-01 1.223728e-02
 1.032066e-02 3.166398e-01 9.009529e-03
 1.052884e-02 2.458278e-01 7.512190e-03
 1.074121e-02 2.040522e-01 6.599870e-03
 1.095787e-02 1.681113e-01 5.815223e-03
 1.117891e-02 1.476766e-01 5.442213e-03
 1.140440e-02 1.127366e-01 4.426445e-03
 1.163443e-02 9.733202e-02 3.938416e-03
 1.186911e-02 9.260156e-02 3.773782e-03
 1.210852e-02 6.794467e-02 3.072815e-03
 1.235276e-02 6.735326e-02 2.944889e-03
 1.260193e-02 5.701416e-02 2.623274e-03
 1.285613e-02 5.145602e-02 2.410359e-03
 1.311545e-02 4.165941e-02 1.948807e-03
 1.338000e-02 4.031997e-02 1.856053e-03
 1.364989e-02 3.379757e-02 1.642777e-03
 1.392522e-02 3.282442e-02 1.567319e-03
 1.420610e-02 2.684821e-02 1.342457e-03
 1.449265e-02 2.711868e-02 1.312761e-03
 1.478499e-02 2.144840e-02 1.121246e-03
 1.508321e-02 2.059144e-02 1.059371e-03
 1.538746e-02 1.830981e-02 9.571764e-04
 1.569784e-02 1.571402e-02 8.361197e-04
 1.601448e-02 1.472219e-02 7.839218e-04
 1.633751e-02 1.356222e-02 7.176381e-04
 1.666705e-02 1.229629e-02 6.562185e-04
 1.700324e-02 1.097708e-02 5.923913e-04
 1.734621e-02 9.342597e-03 5.226600e-04
 1.769610e-02 8.501361e-03 4.775397e-04
 1.805305e-02 8.074990e-03 4.511917e-04
 1.841720e-02 7.318395e-03 4.130837e-04
 1.878869e-02 6.375837e-03 3.688994e-04
 1.916768e-02 6.082464e-03 3.480124e-04
 1.955431e-02 5.747151e-03 3.265339e-04
 1.994874e-02 5.286476e-03 3.035894e-04
 2.035113e-02 4.495319e-03 2.703212e-04
 2.076163e-02 4.227861e-03 2.538203e-04
 2.118041e-02 3.883782e-03 2.353738e-04
 2.160764e-02 3.637970e-03 2.211208e-04
 2.204349e-02 3.406665e-03 2.086195e-04
 2.248813e-02 3.133431e-03 1.947920e-04
 2.294174e-02 2.629389e-03 1.730157e-04
 2.340450e-02 2.576963e-03 1.683965e-04
 2.387659e-02 2.288158e-03 1.545432e-04
 2.435820e-02 2.252033e-03 1.505070e-04
 2.484953e-02 1.916391e-03 1.353093e-04
 2.535077e-02 1.865849e-03 1.320003e-04
 2.586212e-02 1.755512e-03 1.253785e-04
 2.638379e-02 1.299036e-03 1.058718e-04
 2.691598e-02 1.260689e-03 1.027515e-04
 2.745890e-02 1.438487e-03 1.085966e-04
 2.801277e-02 1.099332e-03 9.230382e-05
 2.857782e-02 1.068635e-03 8.861692e-05
 2.915426e-02 9.231167e-04 8.026381e-05
 2.974233e-02 9.521321e-04 8.003838e-05
 3.034226e-02 8.018729e-04 7.153456e-05
 3.095430e-02 7.980775e-04 6.988552e-05
 3.157868e-02 6.512504e-04 6.126079e-05
 3.221565e-02 7.053336e-04 6.238361e-05
 3.286547e-02 6.300005e-04 5.767849e-05
 3.352840e-02 6.018718e-04 5.519520e-05
 3.420470e-02 4.861318e-04 4.843339e-05
 3.489465e-02 4.384920e-04 4.471696e-05
 3.559851e-02 4.281085e-04 4.326851e-05
 3.631656e-02 3.213865e-04 3.654794e-05
 3.704910e-02 3.038440e-04 3.476980e-05
 3.779642e-02 3.296936e-04 3.554907e-05
 3.855881e-02 3.270696e-04 3.482334e-05
 3.933658e-02 2.741495e-04 3.112169e-05
 4.013004e-02 2.460034e-04 2.879508e-05
 4.093950e-02 2.542820e-04 2.874873e-05
 4.176530e-02 2.360555e-04 2.713590e-05
 4.260774e-02 1.916900e-04 2.404201e-05
 4.346718e-02 1.907644e-04 2.364815e-05
 4.434396e-02 1.758061e-04 2.243362e-05
 4.523842e-02 1.112234e-04 1.757855e-05
 4.615093e-02 1.577516e-04 2.080414e-05
 4.708184e-02 1.355279e-04 1.934039e-05
 4.803152e-02 1.021393e-04 1.649325e-05
 4.900037e-02 1.436807e-04 1.958635e-05
 4.998875e-02 9.770148e-05 1.608934e-05
 5.099708e-02 1.031091e-04 1.653480e-05
 5.202574e-02 1.103651e-04 1.707058e-05
 5.307515e-02 1.138998e-04 1.727879e-05
 5.414573e-02 8.200180e-05 1.477079e-05
 5.523790e-02 7.123158e-05 1.364279e-05
 5.635211e-02 6.133078e-05 1.249132e-05
 5.748879e-02 5.405109e-05 1.159170e-05
 5.864839e-02 5.980661e-05 1.203772e-05
 5.983139e-02 4.864286e-05 1.070644e-05
 6.103825e-02 5.647776e-05 1.146567e-05
 6.226945e-02 5.613360e-05 1.132522e-05
 6.352549e-02 5.407700e-05 1.126099e-05
 6.480686e-02 4.083798e-05 9.476089e-06
 6.611408e-02 3.255928e-05 8.366608e-06
 6.744767e-02 3.763029e-05 8.936641e-06
 6.880815e-02 3.663627e-05 8.739510e-06
 7.019608e-02 2.679934e-05 7.434280e-06
 7.161201e-02 2.222088e-05 6.736374e-06
 7.305649e-02 3.293744e-05 8.316457e-06
 7.453012e-02 1.997854e-05 6.450892e-06
 7.603346e-02 2.609990e-05 7.409746e-06
 7.756713e-02 7.758195e-06 4.028247e-06
 7.913174e-02 2.588368e-05 7.386911e-06
 8.072791e-02 2.290720e-05 6.941437e-06
 8.235627e-02 2.745757e-05 7.630623e-06
 8.401748e-02 1.390656e-05 5.439102e-06
 8.571219e-02 8.609053e-06 4.314059e-06
 8.744109e-02 1.846955e-05 6.499868e-06
 8.920487e-02 1.764561e-05 6.534003e-06
 9.100422e-02 1.478400e-05 6.177780e-06
 9.283987e-02 7.633943e-06 4.581270e-06
 9.471254e-02 1.163492e-05 5.923639e-06
 9.662299e-02 4.024209e-06 3.592466e-06
 9.857197e-02 1.969456e-05 8.378001e-06
 1.005603e-01 1.072871e-05 6.388661e-06
 1.025887e-01 7.422241e-06 5.600757e-06
 1.046580e-01 3.090333e-06 3.618700e-06
 1.067690e-01 7.584019e-06 6.144028e-06
 1.089227e-01 1.151357e-05 7.704616e-06
 1.111198e-01 1.236146e-06 2.552455e-06
 1.133612e-01 5.748055e-06 5.750322e-06
 1.156478e-01 3.412791e-06 4.654051e-06
 1.179805e-01 9.419523e-06 7.796762e-06
 1.203603e-01 0.000000e+00 0.000000e+00
 1.227881e-01 0.000000e+00 0.000000e+00
 1.252648e-01 0.000000e+00 0.000000e+00
 1.277915e-01 8.161459e-06 8.164732e-06
 1.303692e-01 0.000000e+00 0.000000e+00
 1.329989e-01 0.000000e+00 0.000000e+00
 1.356816e-01 1.280677e-05 1.105304e-05
 1.384185e-01 6.380372e-06 7.884474e-06
 1.412105e-01 0.000000e+00 0.000000e+00
 1.440759e-01 0.000000e+00 0.000000e+00
