#
 6.535296e-03 5.869535e-01 4.824494e-02
 6.698658e-03 6.277940e-01 4.685303e-02
 6.866105e-03 6.835806e-01 4.389945e-02
 7.037737e-03 6.709885e-01 3.880779e-02
 7.213659e-03 6.541345e-01 3.555079e-02
 7.393979e-03 6.705297e-01 3.249024e-02
 7.578806e-03 7.068345e-01 2.991039e-02
 7.768254e-03 6.500342e-01 2.627216e-02
 7.962437e-03 6.919915e-01 2.512346e-02
 8.161474e-03 6.802361e-01 2.294697e-02
 8.365486e-03 6.930759e-01 2.140382e-02
 8.574598e-03 6.416912e-01 1.938827e-02
 8.788937e-03 6.494154e-01 1.823616e-02
 9.008634e-03 6.818487e-01 1.783576e-02
 9.233823e-03 6.563074e-01 1.632539e-02
 9.464641e-03 6.621779e-01 1.554580e-02
 9.701229e-03 6.342163e-01 1.441321e-02
 9.943730e-03 5.177260e-01 1.221730e-02
 1.019229e-02 3.433310e-01 9.355335e-03
 1.044707e-02 2.231449e-01 7.078581e-03
 1.070822e-02 1.579260e-01 5.637070e-03
 1.097589e-02 1.291893e-01 5.043180e-03
 1.125025e-02 1.049036e-01 4.343507e-03
 1.153148e-02 8.871364e-02 3.804753e-03
 1.181973e-02 6.637481e-02 3.108737e-03
 1.211519e-02 5.416147e-02 2.673559e-03
 1.241803e-02 4.976242e-02 2.460956e-03
 1.272844e-02 4.111756e-02 2.138692e-03
 1.304662e-02 3.309613e-02 1.862844e-03
 1.337274e-02 2.847161e-02 1.634908e-03
 1.370702e-02 2.431797e-02 1.449919e-03
 1.404966e-02 2.076470e-02 1.299122e-03
 1.440085e-02 1.682949e-02 1.123365e-03
 1.476083e-02 1.483650e-02 1.009283e-03
 1.512981e-02 1.423648e-02 9.497528e-04
 1.550801e-02 1.116198e-02 8.051525e-04
 1.589566e-02 1.079434e-02 7.541178e-04
 1.629301e-02 8.431238e-03 6.358430e-04
 1.670028e-02 8.455286e-03 6.147149e-04
 1.711774e-02 6.747734e-03 5.263289e-04
 1.754563e-02 6.831272e-03 5.077916e-04
 1.798422e-02 5.521217e-03 4.365659e-04
 1.843377e-02 4.873715e-03 3.916706e-04
 1.889456e-02 4.431040e-03 3.594110e-04
 1.936687e-02 3.549189e-03 3.094028e-04
 1.985098e-02 3.255142e-03 2.853582e-04
 2.034720e-02 3.486226e-03 2.843224e-04
 2.085582e-02 2.683620e-03 2.415479e-04
 2.137715e-02 2.624818e-03 2.310932e-04
 2.191151e-02 2.067477e-03 1.981625e-04
 2.245923e-02 1.765946e-03 1.778854e-04
 2.302065e-02 1.347584e-03 1.519305e-04
 2.359610e-02 1.345998e-03 1.485643e-04
 2.418593e-02 1.162715e-03 1.354636e-04
 2.479050e-02 1.383777e-03 1.463065e-04
 2.541019e-02 1.087747e-03 1.282378e-04
 2.604537e-02 1.054708e-03 1.252202e-04
 2.669643e-02 7.931484e-04 1.083302e-04
 2.736376e-02 8.124251e-04 1.093526e-04
 2.804777e-02 6.795074e-04 9.836341e-05
 2.874888e-02 7.034129e-04 9.800353e-05
 2.946751e-02 6.739213e-04 9.412125e-05
 3.020411e-02 5.334182e-04 7.207646e-05
 3.095913e-02 4.915855e-04 6.634057e-05
 3.173301e-02 3.660634e-04 5.498394e-05
 3.252624e-02 2.765763e-04 4.604787e-05
 3.333930e-02 3.560716e-04 5.109579e-05
 3.417268e-02 2.725073e-04 4.258185e-05
 3.502690e-02 2.743818e-04 4.077418e-05
 3.590246e-02 2.248110e-04 3.504408e-05
 3.679992e-02 1.932645e-04 3.101212e-05
 3.771980e-02 1.753523e-04 2.849795e-05
 3.866269e-02 1.879326e-04 2.846924e-05
 3.962914e-02 1.471027e-04 2.411660e-05
 4.061975e-02 1.528644e-04 2.374462e-05
 4.163512e-02 1.346745e-04 2.170854e-05
 4.267587e-02 1.386262e-04 2.141400e-05
 4.374264e-02 1.086750e-04 1.834006e-05
 4.483608e-02 9.329031e-05 1.644477e-05
 4.595684e-02 7.522417e-05 1.418032e-05
 4.710563e-02 7.111585e-05 1.357021e-05
 4.828313e-02 7.598887e-05 1.348110e-05
 4.949006e-02 7.758409e-05 1.356295e-05
 5.072716e-02 6.458732e-05 1.167748e-05
 5.199519e-02 5.961368e-05 1.084275e-05
 5.329491e-02 6.335835e-05 1.131479e-05
 5.462713e-02 4.833843e-05 9.070347e-06
 5.599264e-02 3.840723e-05 7.629889e-06
 5.739229e-02 3.698840e-05 7.283702e-06
 5.882692e-02 3.277596e-05 6.666581e-06
 6.029742e-02 4.975047e-05 8.342241e-06
 6.180467e-02 2.722883e-05 5.622770e-06
 6.334961e-02 2.735496e-05 5.385992e-06
 6.493316e-02 2.240301e-05 4.702988e-06
 6.655629e-02 1.547697e-06 1.212724e-06
 6.822000e-02 1.558105e-05 3.550586e-06
 6.992529e-02 1.080513e-05 2.849810e-06
 7.167321e-02 1.360427e-05 3.108443e-06
 7.346483e-02 1.521094e-05 3.170375e-06
 7.530123e-02 1.496756e-05 3.026133e-06
 7.718354e-02 1.158697e-05 2.519389e-06
 7.911289e-02 7.518212e-06 1.925498e-06
 8.109048e-02 7.502923e-06 1.845626e-06
 8.311750e-02 6.972595e-06 1.709562e-06
 8.519518e-02 8.613954e-06 1.839575e-06
 8.732481e-02 5.834117e-06 1.441224e-06
 8.950767e-02 6.068003e-06 1.417849e-06
 9.174509e-02 5.288125e-06 1.272581e-06
 9.403844e-02 4.113572e-06 1.070865e-06
 9.638912e-02 4.133260e-06 1.041589e-06
 9.879856e-02 5.661365e-06 1.204437e-06
 1.012682e-01 4.213598e-06 9.930373e-07
 1.037996e-01 4.121514e-06 9.535095e-07
 1.063943e-01 1.666787e-06 5.773262e-07
 1.090538e-01 2.778857e-06 7.390646e-07
 1.117799e-01 2.302908e-06 6.589527e-07
 1.145740e-01 1.858476e-06 5.825805e-07
 1.174380e-01 1.867335e-06 5.773524e-07
 1.203736e-01 1.121233e-06 4.398126e-07
 1.233826e-01 2.477538e-06 6.673134e-07
 1.264668e-01 1.682152e-06 5.395686e-07
 1.296281e-01 2.989196e-06 7.257508e-07
 1.328684e-01 3.311367e-06 7.519691e-07
 1.361897e-01 2.883114e-06 6.850927e-07
 1.395941e-01 3.994206e-06 8.089554e-07
 1.430835e-01 2.073723e-06 5.540835e-07
 1.466601e-01 2.012655e-06 5.384654e-07
 1.503262e-01 3.189214e-06 6.866507e-07
 1.540839e-01 1.829038e-06 5.006650e-07
 1.579356e-01 1.840837e-06 4.966087e-07
 1.618835e-01 1.432423e-06 4.302275e-07
 1.659301e-01 1.394455e-06 4.203811e-07
 1.700778e-01 6.640552e-07 2.838657e-07
 1.743293e-01 8.956346e-07 3.327492e-07
 1.786870e-01 7.621137e-07 3.050356e-07
 1.831536e-01 2.793007e-07 1.820315e-07
 1.877319e-01 5.091432e-07 2.483734e-07
 1.924246e-01 1.138765e-06 3.803353e-07
 1.972347e-01 6.027961e-07 2.755819e-07
 2.021649e-01 7.487491e-07 3.165302e-07
 2.072185e-01 1.849147e-07 1.640572e-07
 2.123983e-01 7.350112e-07 3.430332e-07
 2.177076e-01 9.810893e-09 4.270235e-08
 2.231497e-01 3.611282e-07 2.602921e-07
 2.287277e-01 5.336825e-07 3.373349e-07
 2.344452e-01 3.266733e-07 2.718352e-07
 2.403057e-01 2.065888e-07 2.357021e-07
 2.463126e-01 3.326397e-07 3.012353e-07
 2.587806e-01 3.352587e-07 3.362265e-07
 2.652494e-01 3.517034e-07 3.527191e-07
 2.718798e-01 3.744905e-07 3.755726e-07
 2.786760e-01 8.240577e-07 5.872393e-07
 2.856421e-01 1.543415e-07 2.674058e-07
 2.927823e-01 8.927129e-07 6.423672e-07
 3.001009e-01 8.381516e-07 6.427268e-07
 3.076026e-01 7.307880e-07 6.280305e-07
 3.152917e-01 8.964549e-07 7.044730e-07

