#
 6.534815e-03 7.443872e-01 4.001993e-02
 6.697192e-03 7.696488e-01 3.766750e-02
 6.863604e-03 7.444841e-01 3.299087e-02
 7.034150e-03 6.879941e-01 2.820926e-02
 7.208935e-03 7.002359e-01 2.647514e-02
 7.388063e-03 7.078559e-01 2.418778e-02
 7.571641e-03 6.690012e-01 2.077639e-02
 7.759781e-03 6.832022e-01 1.948169e-02
 7.952596e-03 6.747387e-01 1.784336e-02
 8.150203e-03 6.997438e-01 1.683523e-02
 8.352719e-03 6.457953e-01 1.473348e-02
 8.560267e-03 6.601642e-01 1.413525e-02
 8.772973e-03 6.452945e-01 1.302240e-02
 8.990963e-03 6.830435e-01 1.286905e-02
 9.214371e-03 6.324717e-01 1.137951e-02
 9.443330e-03 6.543798e-01 1.096852e-02
 9.677977e-03 6.626306e-01 1.046902e-02
 9.918456e-03 5.828501e-01 9.188254e-03
 1.016491e-02 3.142043e-01 6.197594e-03
 1.041749e-02 1.114798e-01 3.347851e-03
 1.067634e-02 6.507599e-02 2.411366e-03
 1.094163e-02 4.311784e-02 1.916118e-03
 1.121350e-02 3.547419e-02 1.655363e-03
 1.149214e-02 2.778665e-02 1.403974e-03
 1.177769e-02 2.261345e-02 1.204556e-03
 1.207035e-02 2.023325e-02 1.082070e-03
 1.237027e-02 1.691340e-02 9.570871e-04
 1.267765e-02 1.572862e-02 8.809396e-04
 1.299266e-02 1.288236e-02 7.696834e-04
 1.331550e-02 1.102928e-02 6.787564e-04
 1.364637e-02 9.800399e-03 6.150198e-04
 1.398545e-02 9.664010e-03 5.879889e-04
 1.433296e-02 8.418389e-03 5.309319e-04
 1.468911e-02 7.053074e-03 4.669277e-04
 1.505410e-02 5.640734e-03 3.982418e-04
 1.542817e-02 5.690341e-03 3.851702e-04
 1.581153e-02 4.716544e-03 3.339733e-04
 1.620441e-02 3.905568e-03 2.902547e-04
 1.660706e-02 3.601736e-03 2.675052e-04
 1.701971e-02 3.106665e-03 2.383164e-04
 1.744262e-02 2.190616e-03 1.931714e-04
 1.787603e-02 2.271985e-03 1.871014e-04
 1.832021e-02 1.563370e-03 1.488557e-04
 1.877543e-02 1.649915e-03 1.465827e-04
 1.924197e-02 1.022579e-03 1.111715e-04
 1.972009e-02 8.882380e-04 9.941473e-05
 2.021009e-02 7.986454e-04 9.126887e-05
 2.071227e-02 6.620342e-04 7.986684e-05
 2.122693e-02 4.627161e-04 6.485002e-05
 2.175438e-02 6.180737e-04 7.247379e-05
 2.229493e-02 4.296403e-04 5.864785e-05
 2.284892e-02 4.242429e-04 5.674670e-05
 2.341667e-02 4.220048e-04 5.558720e-05
 2.399853e-02 5.002036e-04 5.904064e-05
 2.459484e-02 3.849463e-04 5.121980e-05
 2.520597e-02 3.756572e-04 5.010644e-05
 2.583229e-02 3.039116e-04 4.465581e-05
 2.647417e-02 2.970117e-04 4.398811e-05
 2.713200e-02 3.582359e-04 4.836404e-05
 2.780618e-02 3.107728e-04 4.431492e-05
 2.849711e-02 2.124803e-04 3.593997e-05
 2.920520e-02 2.074737e-04 3.480219e-05
 2.993089e-02 1.836511e-04 3.213942e-05
 3.067462e-02 1.021368e-04 2.077269e-05
 3.143682e-02 1.058272e-04 2.023549e-05
 3.221796e-02 1.012165e-04 1.905716e-05
 3.301851e-02 8.564837e-05 1.706401e-05
 3.383896e-02 7.829241e-05 1.565026e-05
 3.467979e-02 8.128247e-05 1.509017e-05
 3.554151e-02 8.833426e-05 1.557436e-05
 3.642465e-02 8.047068e-05 1.403266e-05
 3.732973e-02 5.384736e-05 1.084823e-05
 3.825729e-02 4.815995e-05 9.922257e-06
 3.920791e-02 5.663765e-05 1.066360e-05
 4.018215e-02 4.465317e-05 9.054702e-06
 4.118060e-02 4.305716e-05 8.574083e-06
 4.220385e-02 2.442567e-05 6.209089e-06
 4.325253e-02 3.199730e-05 6.866396e-06
 4.432727e-02 1.971593e-05 5.177057e-06
 4.542872e-02 1.417464e-05 4.265052e-06
 4.655753e-02 2.317380e-05 5.449812e-06
 4.771439e-02 2.345488e-05 5.245993e-06
 4.890000e-02 1.735950e-05 4.360875e-06
 5.011506e-02 1.704052e-05 4.261045e-06
 5.136032e-02 9.088390e-06 2.869576e-06
 5.263652e-02 1.589138e-05 3.776661e-06
 5.394444e-02 1.021227e-05 2.971001e-06
 5.528485e-02 1.047119e-05 2.852768e-06
 5.665857e-02 4.964343e-06 1.870233e-06
 5.806642e-02 7.830638e-06 2.238780e-06
 5.950925e-02 9.265655e-06 2.399559e-06
 6.098794e-02 8.416094e-06 2.208126e-06
 6.250337e-02 7.243085e-06 1.958906e-06
 6.405645e-02 3.110345e-06 1.211172e-06
 6.564812e-02 2.048646e-06 9.402660e-07
 6.727935e-02 6.182997e-06 1.652243e-06
 6.895111e-02 5.605200e-06 1.510327e-06
 7.066440e-02 3.788683e-06 1.170993e-06
 7.242027e-02 2.258577e-06 8.437710e-07
 7.421977e-02 5.414253e-06 1.321426e-06
 7.606398e-02 2.965346e-06 9.047079e-07
 7.795402e-02 3.786272e-06 1.005310e-06
 7.989102e-02 2.836939e-06 8.268344e-07
 8.187616e-02 3.888180e-06 9.477229e-07
 8.391062e-02 3.596227e-06 8.707123e-07
 8.599563e-02 2.425740e-06 6.744028e-07
 8.813245e-02 2.850880e-06 7.147029e-07
 9.032236e-02 2.222378e-06 5.994493e-07
 9.256669e-02 2.809621e-06 6.657922e-07
 9.486679e-02 3.310334e-06 7.116175e-07
 9.722404e-02 2.700943e-06 6.159879e-07
 9.963986e-02 2.936696e-06 6.299819e-07
 1.021157e-01 3.741303e-06 7.136200e-07
 1.046531e-01 2.659820e-06 5.658632e-07
 1.072535e-01 2.437713e-06 5.287430e-07
 1.099185e-01 2.575703e-06 5.375965e-07
 1.126498e-01 1.594960e-06 3.999444e-07
 1.154489e-01 2.249816e-06 4.861970e-07
 1.183176e-01 2.505700e-06 5.153523e-07
 1.212575e-01 2.209030e-06 4.749997e-07
 1.242706e-01 2.072786e-06 4.573347e-07
 1.273584e-01 2.995229e-06 5.666477e-07
 1.305230e-01 2.271423e-06 4.733645e-07
 1.337663e-01 3.118190e-06 5.660529e-07
 1.370901e-01 3.895555e-06 6.470286e-07
 1.404965e-01 5.113807e-06 7.721442e-07
 1.439876e-01 4.508898e-06 7.009022e-07
 1.475654e-01 3.395790e-06 5.721836e-07
 1.512321e-01 1.625511e-06 3.573661e-07
 1.549899e-01 8.552777e-07 2.443440e-07
 1.588411e-01 2.002077e-07 1.110452e-07
 1.627880e-01 4.706820e-07 1.734981e-07
 1.668329e-01 3.118138e-07 1.379240e-07
 1.709784e-01 3.537986e-07 1.467162e-07
 1.752268e-01 1.849465e-07 1.051535e-07
 1.795809e-01 4.827376e-07 1.732090e-07
 1.840431e-01 3.323800e-07 1.421782e-07
 1.886162e-01 3.868878e-07 1.541439e-07
 1.933029e-01 4.649133e-07 1.725822e-07
 1.981061e-01 4.911764e-07 1.797017e-07
 2.030287e-01 4.709468e-07 1.801162e-07
 2.080735e-01 3.042798e-07 1.481006e-07
 2.132437e-01 3.645506e-07 1.726779e-07
 2.185424e-01 3.643741e-07 1.784124e-07
 2.239728e-01 5.403196e-07 2.324580e-07
 2.295380e-01 5.326612e-07 2.389223e-07
 2.352416e-01 4.859146e-07 2.429429e-07
 2.410869e-01 1.224216e-07 1.219686e-07
 2.470774e-01 2.924396e-07 2.045026e-07
 2.532168e-01 5.793839e-07 3.010200e-07
 2.595087e-01 3.162507e-07 2.275576e-07
 2.659570e-01 1.318705e-07 1.553580e-07
 2.725655e-01 2.414288e-07 2.161167e-07
 2.793382e-01 6.444193e-07 3.654743e-07
 2.862792e-01 2.467728e-07 2.312004e-07
 2.933927e-01 1.436917e-07 1.787399e-07
 3.006829e-01 6.155398e-07 3.937869e-07
 3.081543e-01 1.243551e-07 1.767107e-07
 3.158113e-01 0.000000e+00 0.000000e+00
 3.236586e-01 0.000000e+00 0.000000e+00
 3.311990e-01 0.000000e+00 0.000000e+00
