 6.534911578026222e-03 3.600718714113804e-01 2.732201732861663e-02
 6.697487108264358e-03 3.065897500776678e-01 2.302664840391319e-02
 6.864107192543758e-03 3.373320993636845e-01 2.191332346098619e-02
 7.034872451279862e-03 3.350638182652422e-01 1.943056855855520e-02
 7.209886008122802e-03 3.608036985261843e-01 1.886733785788569e-02
 7.389253552232881e-03 3.226270494089324e-01 1.600073881287522e-02
 7.573083402105331e-03 3.278292812044665e-01 1.438779192331744e-02
 7.761486570982908e-03 3.610297040493463e-01 1.407932630991027e-02
 7.954576833895822e-03 3.695481217947552e-01 1.316966620891657e-02
 8.152470796369483e-03 3.619802965317396e-01 1.199313611948339e-02
 8.355287964841562e-03 3.629112861303309e-01 1.105901779604332e-02
 8.563150818830891e-03 3.915782100714219e-01 1.092576497727441e-02
 8.776184884901766e-03 4.089252589728734e-01 1.046940177541924e-02
 8.994518812468353e-03 4.239856848249408e-01 1.019492120056814e-02
 9.218284451484940e-03 4.095282401008770e-01 9.329757078764258e-03
 9.447616932068983e-03 4.357697159141447e-01 9.143663307336897e-03
 9.682654746104996e-03 4.475097220535799e-01 8.791986055859808e-03
 9.923539830878595e-03 4.403378412535328e-01 8.257933121358838e-03
 1.017041765479119e-02 4.505131784016875e-01 7.982953341264958e-03
 1.042343730520709e-02 4.333866622391448e-01 7.414415324350383e-03
 1.068275157848603e-02 4.287659083809068e-01 7.018794396643918e-03
 1.094851707225561e-02 4.334089535521505e-01 7.790804021351034e-03
 1.122089427997918e-02 4.011556241021793e-01 7.789301160841552e-03
 1.150004768787650e-02 4.036954561295039e-01 7.564301421654889e-03
 1.178614587425550e-02 3.888857741097576e-01 7.038320895225946e-03
 1.207936161131522e-02 3.680831149299805e-01 6.460556218737190e-03
 1.237987196948152e-02 3.618112049796374e-01 6.202953842942916e-03
 1.268785842433829e-02 3.338669045320131e-01 5.588094964795166e-03
 1.300350696621897e-02 3.314700932183154e-01 5.415380725312221e-03
 1.332700821252457e-02 2.978023781576124e-01 4.793590893422323e-03
 1.365855752283576e-02 2.716265721670803e-01 4.333844589670624e-03
 1.399835511688886e-02 2.460151927057191e-01 3.910344451620239e-03
 1.434660619548682e-02 2.259340300354955e-01 3.575338581038311e-03
 1.470352106441815e-02 2.034539835427473e-01 3.213601337166557e-03
 1.506931526145874e-02 1.806159927320910e-01 2.844895582001781e-03
 1.544420968653331e-02 1.594255316170421e-01 2.532794563993208e-03
 1.582843073511489e-02 1.344988889613319e-01 2.171299529798954e-03
 1.622221043494308e-02 1.177904429414814e-01 1.916447535347867e-03
 1.662578658614359e-02 9.793600267644953e-02 1.650835578289616e-03
 1.703940290483367e-02 8.140572968226258e-02 1.422427386599063e-03
 1.746330917030012e-02 6.703766954509732e-02 1.227038337492694e-03
 1.789776137583885e-02 5.639545354770818e-02 1.062015274044806e-03
 1.834302188334697e-02 4.440350838636447e-02 8.923368777270704e-04
 1.879935958176087e-02 3.652443697068206e-02 7.708267510578065e-04
 1.926705004943591e-02 2.889588819641033e-02 6.547854343307806e-04
 1.974637572056578e-02 2.182046883642354e-02 5.426292162594889e-04
 2.023762605574202e-02 1.705016370742448e-02 4.617446538241477e-04
 2.074109771675677e-02 1.274710615876299e-02 3.820257293446211e-04
 2.125709474575424e-02 9.712917228191115e-03 3.222309967163338e-04
 2.178592874883912e-02 7.144607057542618e-03 2.660088564131078e-04
 2.232791908425273e-02 5.883037690385547e-03 2.338787057300640e-04
 2.288339305523077e-02 4.466258986989934e-03 1.982840303424586e-04
 2.345268610765881e-02 3.512001614200193e-03 1.723509090267641e-04
 2.403614203264514e-02 3.263617459315652e-03 1.622583052716160e-04
 2.463411317413329e-02 2.763493186506118e-03 1.476557505817027e-04
 2.524696064167938e-02 2.699637386479561e-03 1.443971134768000e-04
 2.587505452852307e-02 2.937059900714727e-03 1.493258126442974e-04
 2.651877413508367e-02 2.928544949289090e-03 1.484350674439132e-04
 2.717850819801628e-02 2.964908889772391e-03 1.496230858945501e-04
 2.785465512496653e-02 2.888129397730070e-03 1.452299640042888e-04
 2.854762323516545e-02 2.986538404687926e-03 1.452156711614130e-04
 2.925783100600989e-02 2.841764055914914e-03 1.385719336145676e-04
 2.998570732577741e-02 2.848085640797638e-03 1.361511564126160e-04
 3.073169175262810e-02 2.733867694398957e-03 1.228444265972036e-04
 3.149623478004998e-02 2.356059676085996e-03 1.110450744158406e-04
 3.227979810890806e-02 2.073575769835571e-03 1.013222247426924e-04
 3.308285492626148e-02 2.120732138450939e-03 1.001604068194187e-04
 3.390589019111701e-02 1.493024518213291e-03 8.133619460907962e-05
 3.474940092729162e-02 1.455266267902067e-03 7.766531122019726e-05
 3.561389652356078e-02 1.150559656711494e-03 6.735859735661617e-05
 3.649989904127392e-02 9.488278043486948e-04 5.923933627424857e-05
 3.740794352962273e-02 7.117034424869851e-04 4.983899657189074e-05
 3.833857834875269e-02 5.649012423631158e-04 4.310189050140758e-05
 3.929236550091296e-02 5.120025110229132e-04 4.009031171113562e-05
 4.026988096984467e-02 4.445108280975708e-04 3.620960856267176e-05
 4.127171506861246e-02 3.902816303870961e-04 3.314304922578941e-05
 4.229847279608941e-02 3.532632031770207e-04 3.095402889208125e-05
 4.335077420231052e-02 3.461343996992584e-04 3.006859043195878e-05
 4.442925476291561e-02 3.536962414549283e-04 2.995641119276089e-05
 4.553456576290742e-02 2.991791639850930e-04 2.706685246018350e-05
 4.666737468995703e-02 3.090458759531057e-04 2.723257102960330e-05
 4.782836563749378e-02 3.084503221376033e-04 2.678659447435096e-05
 4.901823971782335e-02 2.094717779608952e-04 2.129950792501569e-05
 5.023771548552336e-02 2.558683739228527e-04 2.351157643656902e-05
 5.148752937137221e-02 2.390951518948342e-04 2.187308171478000e-05
 5.276843612707321e-02 2.154689268189832e-04 2.039334446318850e-05
 5.408120928104253e-02 1.907299078516497e-04 1.847317917605445e-05
 5.542664160553631e-02 2.052638018689728e-04 1.862768986791680e-05
 5.680554559539884e-02 1.467477911251827e-04 1.528097106675911e-05
 5.821875395872118e-02 1.430162540540390e-04 1.453297130604237e-05
 5.966712011970624e-02 1.616447248239154e-04 1.522126670194208e-05
 6.115151873404429e-02 1.468211536622693e-04 1.402707050213827e-05
 6.267284621710985e-02 1.529255770777195e-04 1.379049277615056e-05
 6.423202128529912e-02 1.407842395022462e-04 1.285781328121124e-05
 6.582998551083478e-02 1.186650152723772e-04 1.130863855324161e-05
 6.746770389037333e-02 8.539971158411592e-05 9.185611118210667e-06
 6.914616542775805e-02 8.342667284019648e-05 8.702201590526906e-06
 7.086638373126981e-02 6.460864234974282e-05 7.329642080833594e-06
 7.262939762573634e-02 5.742300804812452e-05 6.684389852932310e-06
 7.443627177986942e-02 4.744859777570104e-05 5.774547621726134e-06
 7.628809734920899e-02 5.577187070920984e-05 6.073204507403856e-06
 7.818599263506262e-02 6.360027927472504e-05 6.306906569465501e-06
 8.013110375983770e-02 6.998028169241041e-05 6.436168762420412e-06
 8.212460535917496e-02 6.574573148701953e-05 5.954288306165872e-06
 8.416770129130050e-02 5.868013311732262e-05 5.383565453125796e-06
 8.626162536402547e-02 5.111105367205821e-05 4.808775858268661e-06
 8.840764207983169e-02 3.448299363184349e-05 3.733979452986638e-06
 9.060704739949374e-02 4.644598961517368e-05 4.251814517099664e-06
 9.286116952469833e-02 5.916701045587747e-05 4.756170652713764e-06
 9.517136970013379e-02 9.409107382194879e-05 6.115992187383920e-06
 9.753904303553371e-02 1.381549551510179e-04 7.709575597583360e-06
 9.996561934817172e-02 1.930683153373563e-04 9.554846261030426e-06
 1.024525640263155e-01 2.475623079493875e-04 1.133590108536914e-05
 1.050013789141622e-01 2.801811242976982e-04 1.233296141559821e-05
 1.076136032187887e-01 2.662826458566689e-04 1.175083720730473e-05
 1.102908144396658e-01 2.521320118196796e-04 1.114503022859414e-05
 1.130346293212958e-01 1.978422760872954e-04 9.191179295891423e-06
 1.158467048295510e-01 1.491361426613823e-04 7.415908914516159e-06
 1.187287391523006e-01 9.637435459086920e-05 5.429189860369757e-06
 1.216824727249315e-01 5.045402883942284e-05 3.574380389210100e-06
 1.247096892813823e-01 2.875084803223162e-05 2.567440952090106e-06
 1.278122169313246e-01 1.900526835730731e-05 2.007958388411858e-06
 1.309919292641420e-01 1.481644404929024e-05 1.727925911540085e-06
 1.342507464803754e-01 1.530538345053964e-05 1.722139284301738e-06
 1.375906365513141e-01 1.080697776379287e-05 1.405541201023724e-06
 1.410136164074378e-01 9.096619535742770e-06 1.262267875137396e-06
 1.445217531564220e-01 6.196030386662807e-06 1.017103204402758e-06
 1.481171653314474e-01 6.642995663988926e-06 1.040702137526309e-06
 1.518020241705632e-01 4.491167016423113e-06 8.407505315367934e-07
 1.555785549278785e-01 2.724125527062549e-06 6.433840335024008e-07
 1.594490382173742e-01 2.647674282475965e-06 6.234806649675953e-07
 1.634158113901460e-01 1.937852625825647e-06 5.311805001459311e-07
 1.674812699459101e-01 1.826238087552347e-06 5.090265406014119e-07
 1.716478689796245e-01 1.021466620926444e-06 3.787045454912907e-07
 1.759181246640996e-01 1.001066855318467e-06 3.783491802588237e-07
 1.802946157694930e-01 5.824391781996999e-07 2.849121636246406e-07
 1.847799852206065e-01 1.501280620915014e-06 4.605411813821722e-07
 1.893769416929247e-01 1.276241501262863e-06 4.262768979075770e-07
 1.940882612483613e-01 1.116965374706907e-06 4.039765965155593e-07
 1.989167890116981e-01 1.917161325732221e-06 5.400240465442106e-07
 2.038654408887311e-01 2.736840864037687e-06 6.639967996723994e-07
 2.089372053271610e-01 4.497278023550337e-06 8.985614344246165e-07
 2.141351451212901e-01 3.298966054277073e-06 7.906092782834238e-07
 2.194623992616175e-01 3.211282381255740e-06 8.280849223882175e-07
 2.249221848304480e-01 1.938002285244421e-06 6.738998347630115e-07
 2.305177989446599e-01 1.665567120694426e-06 6.607415651106559e-07
 2.362526207468052e-01 1.231233874575255e-06 5.838436265254266e-07
 2.421301134457442e-01 2.898395832159269e-07 2.893682803289065e-07
 2.481538264080474e-01 7.111563060108759e-07 4.993247727715202e-07
 2.543273973014268e-01 9.003554596815008e-07 5.791070185881579e-07
 2.606545542914917e-01 5.997301344667029e-07 4.836609451358381e-07
 2.671391182931554e-01 4.139908661832651e-07 4.142431327453373e-07
 2.737850052780525e-01 6.600911151773761e-07 5.594976410358055e-07
 2.805962286393599e-01 5.925858547169087e-07 5.417288566324686e-07
 2.875769016154499e-01 1.013399065348967e-06 7.383558804346505e-07
 2.947312397738390e-01 2.739613940545820e-07 3.819844051750687e-07
 3.020635635569326e-01 5.862656773214769e-07 5.866285347314322e-07
 3.095783008911019e-01 5.713277203852829e-07 6.103891586722659e-07
 3.172799898606709e-01 6.459148311602704e-07 6.648770808948506e-07
 3.251732814484246e-01 1.876454666944674e-06 1.161707387697727e-06
 3.319680821243159e-01 1.694430408974078e-06 1.359168624319543e-06
